OK
-1
50155
14709
-1
-1
-1
-1
14709
-1
-1
2276
41011
-1
-1
1005
14709
-1
-1
-1
26699
-1
-1
-1
-1
14935
-1
-1
41011
-1
38825
-1
-1
-1
-1
6943
-1
-1
-1
-1
-1
KO
-1
-1
-1
17957
-1
-1
KO
-1
29351
-1
11021
-1
-1
-1
27462
-1
-1
-1
-1
-1
-1
-1
-1
21128
KO
-1
KO
-1
-1
KO
-1
-1
7935
-1
-1
-1
-1
-1
-1
-1
-1
-1
-1
29351
KO
-1
-1
-1
-1
-1
-1
-1
13228
-1
-1
-1
-1
-1
-1
-1
-1
-1
2276
-1
-1
OK: aggiunta la prima rotta
-1
-1
13228
-1
KO
KO
23404
-1
KO
-1
-1
23551
27124
-1
-1
-1
-1
-1
21401
41011
22352
27124
-1
-1
OK: aggiunta la prima rotta
-1
-1
-1
-1
-1
26217
-1
17713
-1
-1
-1
-1
-1
-1
-1
14935
29351
-1
-1
-1
-1
-1
-1
-1
-1
17713
-1
-1
14709
-1
-1
32368
-1
-1
-1
-1
50155
-1
-1
-1
-1
-1
-1
-1
-1
-1
-1
-1
-1
-1
20860
26699
17713
26699
-1
-1
-1
21128
-1
-1
-1
-1
-1
-1
KO
-1
-1
2276
-1
-1
KO
1005
-1
-1
-1
23404
-1
-1
12955
-1
-1
-1
-1
-1
-1
KO
-1
17916
1005
-1
-1
-1
-1
-1
-1
-1
-1
23082
-1
-1
-1
-1
7547
-1
-1
31428
10240
-1
-1
-1
7547
-1
20860
-1
-1
6943
-1
-1
-1
26699
-1
-1
-1
-1
13136
-1
-1
-1
-1
26699
1005
-1
-1
-1
-1
-1
-1
-1
-1
KO
-1
23082
-1
7935
-1
-1
7217
-1
11021
-1
-1
-1
-1
-1
-1
-1
-1
-1
-1
54711
15838
-1
-1
-1
-1
-1
-1
-1
-1
23082
-1
-1
-1
-1
26217
14709
41011
23082
-1
-1
26699
-1
-1
1005
21128
-1
-1
-1
-1
-1
41011
-1
-1
-1
-1
-1
23082
-1
-1
-1
-1
-1
-1
26699
-1
-1
41011
-1
-1
-1
-1
6943
-1
-1
-1
-1
-1
-1
7217
-1
-1
-1
-1
-1
-1
-1
23551
6943
-1
KO
-1
23082
13228
-1
-1
23551
-1
2276
14709
-1
-1
15838
-1
14709
-1
-1
21128
-1
-1
-1
-1
-1
-1
-1
7547
-1
-1
-1
17713
KO
KO
3783
-1
-1
14709
-1
-1
21128
-1
-1
KO
-1
-1
-1
-1
-1
-1
-1
-1
-1
-1
-1
38825
6943
-1
-1
-1
-1
7547
-1
-1
1005
-1
-1
-1
KO
-1
-1
-1
15146
-1
17957
-1
6943
38825
-1
-1
-1
-1
13228
-1
-1
13136
-1
13228
13136
29351
27462
-1
-1
-1
7547
14935
-1
10240
-1
-1
-1
-1
15838
-1
-1
23551
-1
-1
2276
-1
-1
15838
-1
-1
-1
-1
-1
-1
11021
-1
3783
54711
-1
-1
7935
-1
-1
-1
-1
26699
-1
-1
-1
-1
-1
-1
-1
-1
-1
13136
23551
-1
-1
-1
-1
38825
-1
-1
-1
-1
-1
-1
32368
-1
21007
50155
-1
-1
7935
-1
-1
1005
-1
14709
-1
14709
-1
-1
6989
-1
-1
-1
-1
13228
27124
-1
-1
-1
-1
-1
-1
-1
KO
-1
-1
-1
-1
-1
-1
-1
-1
9437
-1
-1
15838
-1
-1
7935
OK: aggiunta la prima rotta
-1
17916
-1
-1
-1
-1
30151
-1
-1
27367
-1
-1
-1
-1
15838
-1
-1
-1
-1
-1
-1
-1
-1
-1
KO
9437
-1
-1
-1
48171
-1
-1
2276
-1
-1
-1
-1
7547
-1
1005
-1
19144
-1
5951
-1
-1
-1
-1
-1
27124
5951
7217
-1
-1
-1
7547
-1
15613
15613
-1
-1
-1
-1
-1
6943
-1
-1
25478
-1
-1
-1
20860
-1
13136
17916
-1
-1
-1
19144
KO
-1
-1
14709
-1
-1
-1
1005
-1
-1
1005
-1
-1
-1
-1
-1
21007
5951
-1
-1
-1
27124
-1
12955
-1
13228
-1
21007
-1
-1
-1
7547
21007
-1
6279
-1
31428
-1
12955
21007
-1
-1
27367
-1
-1
13228
-1
17713
-1
-1
13228
-1
-1
-1
-1
-1
6943
48171
-1
10240
-1
-1
-1
-1
-1
-1
26217
-1
-1
-1
-1
-1
-1
-1
12955
-1
14709
-1
-1
-1
14709
-1
-1
-1
21007
-1
13136
-1
-1
-1
2276
KO
-1
21007
-1
36841
-1
-1
-1
-1
-1
-1
19144
-1
-1
-1
-1
-1
-1
7935
KO
25478
-1
-1
48171
30384
-1
-1
-1
23082
30384
KO
-1
-1
7547
KO
-1
-1
-1
30384
-1
-1
6943
-1
30384
-1
-1
-1
7935
KO
-1
-1
-1
-1
11021
-1
-1
-1
-1
-1
-1
-1
-1
6279
-1
-1
23082
-1
17713
23551
-1
7935
-1
-1
5951
-1
-1
-1
-1
41011
-1
-1
-1
15613
-1
-1
6943
-1
-1
3783
-1
-1
-1
-1
3783
-1
6943
27124
-1
-1
7547
-1
-1
-1
-1
-1
-1
-1
17713
6943
-1
-1
-1
-1
-1
-1
-1
5951
-1
-1
-1
-1
-1
21007
28235
-1
-1
-1
-1
-1
-1
-1
-1
15838
-1
-1
-1
-1
-1
28235
-1
7935
-1
-1
26699
2276
-1
19144
-1
-1
-1
-1
13228
15146
KO
-1
-1
6943
-1
-1
-1
-1
-1
-1
-1
-1
-1
48171
6279
5951
-1
-1
-1
-1
-1
6943
30384
-1
2276
-1
-1
-1
-1
-1
-1
-1
7935
-1
-1
-1
30151
17713
-1
52727
11021
25478
-1
-1
-1
-1
-1
-1
-1
14709
KO
1005
-1
-1
-1
-1
-1
-1
-1
-1
17916
52727
23551
-1
-1
-1
-1
13136
-1
-1
21007
-1
-1
-1
-1
30384
19144
-1
-1
11021
-1
-1
-1
-1
-1
31428
-1
-1
15613
-1
-1
-1
-1
-1
-1
-1
-1
28235
6943
-1
10240
-1
-1
11021
-1
-1
-1
-1
11021
-1
25478
OK: aggiunta la prima rotta
7547
-1
-1
-1
-1
-1
-1
-1
-1
-1
KO
-1
-1
-1
-1
-1
14935
-1
-1
30151
-1
6943
-1
7015
-1
21007
-1
7935
-1
-1
-1
6279
-1
-1
-1
-1
-1
-1
23551
-1
-1
-1
12955
-1
-1
-1
-1
20860
-1
-1
KO
-1
11021
-1
-1
15838
1005
-1
-1
-1
21007
-1
12955
5951
28235
-1
-1
-1
-1
-1
-1
15348
27124
12331
-1
-1
-1
-1
-1
-1
-1
-1
-1
KO
21007
-1
-1
15348
-1
-1
-1
-1
-1
15838
23551
-1
-1
28235
-1
-1
-1
-1
23404
-1
-1
-1
-1
-1
-1
10240
-1
26699
-1
-1
-1
KO
-1
-1
-1
-1
6943
-1
-1
11654
-1
-1
-1
-1
-1
-1
-1
-1
-1
-1
37691
6943
17916
-1
-1
7935
-1
-1
KO
-1
-1
-1
-1
-1
-1
6943
15838
-1
-1
-1
-1
-1
41011
-1
-1
-1
-1
11021
-1
-1
-1
-1
-1
-1
-1
-1
-1
-1
21007
23551
-1
-1
-1
15838
-1
-1
-1
-1
2276
-1
-1
-1
1005
-1
-1
-1
-1
-1
-1
-1
-1
-1
-1
26699
-1
-1
-1
-1
-1
5951
-1
-1
-1
7547
-1
7547
-1
15838
41011
-1
31428
3783
-1
13228
-1
7015
26217
26699
-1
KO
-1
-1
-1
-1
13228
-1
-1
-1
-1
21805
-1
KO
3783
-1
12955
-1
-1
-1
-1
14709
-1
23404
-1
-1
-1
37691
-1
-1
-1
-1
-1
-1
-1
-1
KO
-1
-1
-1
-1
-1
6943
-1
-1
-1
-1
-1
-1
-1
28235
-1
14709
-1
-1
-1
7547
-1
-1
-1
-1
-1
-1
-1
-1
3783
-1
-1
14709
-1
-1
-1
-1
-1
-1
3783
-1
-1
-1
-1
-1
-1
-1
15237
-1
KO
-1
41011
-1
-1
-1
-1
14709
-1
-1
-1
-1
-1
15348
-1
-1
-1
-1
-1
30151
14709
-1
17713
28235
-1
7547
-1
-1
-1
-1
-1
-1
13228
-1
-1
-1
1005
-1
-1
-1
-1
-1
-1
2276
-1
-1
15348
-1
-1
-1
-1
-1
-1
-1
-1
41011
-1
-1
17916
-1
-1
-1
-1
15348
-1
-1
-1
-1
7217
-1
11654
-1
-1
23082
6943
15838
-1
-1
-1
KO
-1
-1
-1
-1
7547
-1
-1
-1
-1
7547
-1
-1
-1
15838
-1
26217
14935
11654
-1
-1
10240
-1
-1
6279
-1
-1
-1
-1
-1
-1
15146
-1
-1
11654
-1
-1
15348
12331
-1
6279
20860
-1
-1
KO
-1
-1
-1
-1
-1
-1
-1
-1
-1
-1
14935
-1
-1
-1
-1
14709
15838
-1
-1
-1
-1
-1
-1
-1
-1
-1
3783
-1
-1
-1
-1
-1
7217
7547
17916
-1
KO
-1
7217
-1
13146
-1
-1
-1
-1
41011
-1
-1
1005
-1
-1
2276
7217
-1
-1
-1
7547
-1
-1
-1
7015
1005
-1
-1
-1
-1
23551
-1
-1
-1
-1
7547
-1
45783
-1
30151
6943
-1
9437
15838
-1
12955
-1
-1
15348
-1
-1
30151
13228
23404
30151
-1
-1
-1
13228
OK: aggiunta la prima rotta
26699
-1
-1
-1
-1
19603
-1
-1
-1
6279
37691
13228
-1
-1
-1
3783
28235
-1
-1
7935
22271
-1
17916
-1
-1
13228
-1
-1
37691
-1
6279
13228
-1
-1
16410
10240
7217
-1
-1
-1
45783
-1
27124
-1
-1
-1
-1
-1
13329
-1
-1
-1
-1
KO
13136
-1
-1
-1
-1
-1
-1
-1
15671
-1
KO
16410
-1
-1
13228
-1
-1
-1
-1
-1
7935
-1
-1
-1
-1
-1
-1
-1
5348
-1
-1
-1
-1
-1
-1
-1
22271
-1
KO
KO
-1
5951
13136
-1
-1
-1
-1
-1
-1
-1
1005
-1
-1
-1
17916
-1
-1
-1
11654
-1
-1
-1
-1
21805
-1
-1
-1
31428
-1
-1
-1
-1
-1
-1
-1
20407
20407
-1
-1
-1
-1
-1
-1
-1
26699
13228
6279
2276
37691
-1
-1
-1
-1
-1
-1
-1
-1
-1
-1
26699
-1
-1
-1
-1
-1
9437
-1
11021
-1
-1
-1
-1
-1
-1
14709
KO
-1
12955
-1
-1
-1
-1
-1
-1
-1
KO
-1
-1
12955
-1
-1
37691
-1
-1
15237
-1
-1
-1
-1
-1
-1
-1
-1
-1
-1
41011
KO
-1
-1
-1
-1
9437
-1
17713
-1
-1
-1
-1
-1
1005
-1
-1
-1
45783
-1
-1
-1
5348
-1
-1
45783
-1
-1
-1
-1
-1
-1
-1
-1
-1
-1
15838
-1
-1
-1
-1
20407
-1
-1
-1
-1
-1
-1
-1
-1
16410
6829
-1
-1
7935
-1
-1
-1
-1
-1
14709
-1
-1
-1
-1
-1
37691
23404
-1
3783
-1
-1
-1
-1
-1
-1
-1
11021
-1
-1
15671
-1
27124
-1
-1
-1
-1
-1
11021
-1
-1
1005
-1
-1
23082
-1
-1
7217
41011
-1
2276
-1
-1
-1
-1
-1
-1
-1
-1
-1
-1
-1
-1
-1
-1
-1
-1
-1
5348
-1
1005
-1
KO
-1
-1
-1
-1
-1
-1
31428
14935
7015
-1
-1
-1
-1
-1
-1
-1
7547
-1
-1
21805
-1
7015
-1
-1
11654
-1
17916
-1
15348
-1
-1
-1
-1
-1
-1
-1
15838
7547
-1
-1
-1
-1
-1
-1
-1
-1
-1
-1
-1
11654
-1
-1
KO
-1
17916
-1
-1
-1
7935
37691
-1
-1
KO
7015
-1
-1
-1
-1
-1
-1
-1
-1
-1
-1
13228
13136
13329
-1
-1
-1
13329
-1
-1
-1
-1
26699
-1
-1
-1
-1
-1
7015
-1
-1
12331
15146
-1
-1
-1
-1
KO
22271
17713
-1
13136
-1
-1
6279
-1
15146
-1
-1
-1
-1
7547
-1
1005
-1
-1
-1
-1
-1
-1
-1
-1
7547
KO
3783
-1
-1
-1
-1
-1
-1
-1
KO
-1
-1
1005
-1
-1
-1
14935
-1
-1
7547
13146
26699
-1
-1
-1
-1
-1
-1
-1
-1
-1
-1
-1
6829
-1
-1
-1
-1
-1
-1
2276
-1
17713
-1
-1
-1
-1
-1
-1
-1
15838
13136
21805
-1
-1
-1
KO
15348
-1
16410
-1
-1
-1
-1
-1
-1
7015
16410
-1
-1
19603
-1
-1
-1
-1
-1
11021
-1
-1
-1
-1
-1
-1
-1
-1
-1
-1
-1
5951
-1
-1
-1
-1
-1
28235
-1
-1
-1
-1
31428
15838
-1
-1
-1
-1
-1
-1
-1
-1
-1
-1
-1
-1
KO
-1
-1
-1
15671
-1
13136
-1
-1
-1
6943
-1
15838
-1
-1
-1
-1
-1
-1
-1
-1
-1
-1
21805
-1
-1
14709
-1
-1
-1
19603
-1
15237
-1
-1
-1
-1
-1
-1
-1
-1
-1
-1
-1
2276
-1
19603
-1
-1
7547
-1
-1
-1
-1
OK: aggiunta la prima rotta
-1
-1
-1
-1
-1
-1
KO
-1
-1
13146
-1
7015
-1
5348
7015
-1
15237
-1
-1
-1
-1
-1
-1
-1
-1
-1
-1
-1
7547
-1
-1
-1
-1
-1
3783
-1
18682
-1
-1
-1
KO
-1
11136
7431
-1
-1
-1
-1
11021
-1
-1
-1
-1
-1
-1
-1
-1
-1
13329
-1
-1
KO
15838
26699
15237
-1
-1
15348
-1
-1
-1
-1
13228
-1
-1
-1
-1
37691
-1
KO
-1
7431
-1
-1
-1
15348
7547
-1
-1
-1
-1
-1
-1
-1
-1
-1
-1
-1
-1
-1
-1
-1
-1
-1
4044
5348
31428
-1
11654
-1
-1
-1
-1
-1
-1
-1
-1
-1
15838
-1
1005
-1
6829
-1
KO
-1
7015
5951
-1
-1
KO
-1
-1
-1
KO
15838
-1
-1
-1
-1
-1
-1
-1
-1
-1
-1
KO
-1
-1
-1
-1
23551
-1
-1
-1
-1
-1
-1
-1
28235
15237
-1
-1
-1
-1
23551
-1
-1
-1
-1
-1
-1
KO
-1
-1
11654
-1
-1
-1
-1
-1
11654
-1
10816
-1
-1
-1
23551
13228
15489
-1
-1
-1
12331
-1
2276
-1
-1
-1
KO
-1
-1
12331
-1
-1
-1
6279
-1
11021
15237
-1
23404
11021
-1
-1
7217
-1
-1
-1
-1
-1
20218
-1
3783
KO
-1
28235
10240
-1
-1
12955
-1
18682
2276
KO
10816
15671
-1
13146
3783
-1
-1
-1
3783
14709
23404
15671
-1
-1
-1
-1
-1
-1
15489
-1
-1
-1
11021
26699
-1
-1
7015
-1
-1
-1
-1
-1
-1
-1
-1
-1
-1
-1
-1
-1
5951
6279
-1
-1
-1
-1
-1
-1
-1
-1
13228
13329
23404
-1
-1
15838
-1
-1
-1
9437
-1
-1
-1
12955
-1
-1
-1
-1
13228
-1
13329
27124
-1
-1
-1
2276
9437
-1
-1
-1
-1
-1
-1
11136
-1
-1
-1
-1
-1
-1
-1
-1
-1
-1
-1
5951
-1
-1
-1
12215
-1
-1
-1
-1
-1
-1
-1
KO
-1
-1
-1
-1
-1
-1
-1
-1
-1
-1
-1
-1
-1
-1
-1
-1
15838
-1
-1
-1
9437
15838
-1
-1
-1
-1
23551
13146
-1
15838
-1
-1
7431
-1
-1
-1
15237
-1
-1
-1
-1
5951
-1
-1
7547
28235
22161
2276
-1
-1
-1
-1
-1
-1
-1
-1
21805
-1
4044
-1
-1
21700
-1
-1
-1
-1
KO
-1
-1
-1
15838
-1
-1
6943
-1
-1
-1
11654
-1
-1
-1
14709
-1
-1
-1
-1
-1
-1
-1
-1
6279
-1
-1
31428
-1
-1
44372
-1
KO
13735
-1
1005
-1
-1
-1
-1
13329
-1
-1
-1
-1
-1
-1
-1
-1
-1
-1
1005
-1
-1
-1
-1
23404
-1
-1
-1
-1
-1
5951
28235
6829
-1
-1
-1
-1
13329
15838
15348
-1
KO
-1
11021
44372
-1
-1
-1
15348
-1
1005
18682
-1
-1
-1
21805
-1
26699
-1
7547
-1
28235
-1
-1
-1
-1
-1
-1
21805
-1
37212
-1
-1
-1
-1
-1
KO
-1
-1
-1
15237
-1
-1
-1
-1
-1
-1
KO
-1
-1
10816
-1
7547
-1
-1
12215
KO
-1
6943
-1
7547
-1
-1
-1
-1
-1
-1
23404
-1
-1
-1
-1
11136
12331
-1
KO
-1
-1
-1
-1
-1
-1
-1
-1
KO
-1
-1
-1
-1
-1
-1
KO
-1
-1
27124
-1
6943
-1
-1
KO
6943
5348
-1
-1
-1
-1
-1
-1
-1
-1
-1
-1
5951
-1
13735
-1
-1
-1
-1
-1
31428
15838
-1
5348
-1
-1
-1
-1
10816
-1
-1
-1
-1
-1
-1
27124
9437
13228
21805
26699
-1
-1
-1
-1
6943
-1
-1
6943
-1
-1
-1
5348
-1
-1
21805
26699
21805
15348
26699
-1
-1
-1
-1
-1
-1
-1
-1
-1
11654
-1
-1
-1
-1
-1
-1
KO
-1
4044
-1
20218
-1
-1
2276
-1
-1
-1
-1
1005
13735
-1
-1
7547
7547
10240
3783
-1
-1
-1
-1
-1
-1
26699
-1
4044
37212
21700
-1
-1
-1
-1
KO
-1
-1
-1
-1
-1
-1
-1
2276
15838
-1
-1
-1
-1
-1
-1
15671
-1
-1
-1
-1
2276
-1
-1
-1
KO
-1
-1
-1
28235
-1
-1
-1
37691
-1
-1
-1
-1
-1
-1
-1
-1
-1
-1
-1
-1
KO
-1
-1
-1
-1
-1
-1
15237
-1
-1
15237
-1
-1
-1
15237
-1
-1
-1
-1
-1
-1
-1
6829
-1
-1
-1
-1
-1
-1
-1
-1
-1
-1
-1
-1
-1
-1
-1
-1
-1
-1
-1
-1
-1
-1
-1
-1
-1
14709
-1
-1
-1
-1
-1
-1
-1
-1
-1
13735
-1
-1
-1
-1
-1
-1
-1
-1
-1
31428
-1
-1
-1
-1
7547
-1
26699
7431
-1
-1
-1
-1
15838
-1
-1
-1
-1
10816
-1
21805
-1
-1
-1
KO
-1
-1
-1
15838
-1
-1
15348
2276
13735
15838
-1
15838
-1
-1
-1
-1
7217
-1
-1
KO
-1
-1
-1
-1
-1
21700
-1
-1
22161
13329
-1
6279
44372
15838
-1
KO
-1
-1
-1
-1
-1
-1
26699
-1
-1
-1
21805
13146
KO
-1
-1
-1
14709
1005
-1
-1
-1
-1
-1
-1
-1
-1
-1
-1
4044
12331
-1
20218
-1
-1
7431
-1
11021
-1
15489
-1
-1
-1
-1
-1
-1
-1
1005
-1
-1
-1
-1
-1
-1
-1
-1
-1
-1
6943
-1
7015
-1
-1
-1
-1
5348
-1
37691
-1
-1
-1
-1
-1
-1
-1
-1
15838
-1
-1
-1
-1
-1
13228
-1
-1
-1
13329
-1
-1
-1
-1
KO
-1
-1
11021
-1
-1
-1
-1
-1
-1
-1
12331
-1
-1
-1
-1
-1
-1
-1
-1
12331
-1
-1
-1
-1
-1
-1
2276
-1
-1
-1
18682
15838
-1
1005
-1
-1
-1
10816
18682
15838
-1
-1
-1
27124
3783
7547
-1
-1
-1
-1
-1
-1
11654
-1
-1
-1
-1
-1
11021
-1
-1
-1
-1
18682
-1
-1
-1
-1
-1
-1
-1
-1
-1
-1
-1
-1
-1
-1
-1
7015
-1
6829
-1
-1
-1
-1
KO
-1
-1
-1
-1
-1
-1
-1
-1
7431
-1
-1
-1
-1
15237
3783
-1
-1
-1
-1
15348
-1
-1
-1
13735
5951
-1
-1
13228
-1
-1
1005
-1
-1
-1
-1
-1
-1
-1
7015
-1
-1
13146
-1
-1
-1
10240
-1
-1
-1
-1
4044
-1
-1
-1
-1
-1
37212
-1
-1
31428
6829
-1
-1
-1
-1
-1
-1
-1
-1
-1
-1
15671
-1
-1
-1
6279
-1
-1
-1
22161
44372
-1
-1
13146
-1
-1
-1
-1
-1
-1
-1
-1
15671
21700
-1
-1
15237
-1
-1
10240
-1
11654
-1
-1
-1
-1
-1
-1
-1
-1
-1
28235
13329
-1
-1
-1
-1
3783
3783
7431
11654
-1
13146
-1
-1
-1
-1
-1
KO
-1
12215
-1
10816
-1
-1
-1
-1
6943
11021
-1
6943
-1
-1
-1
-1
-1
-1
-1
15237
-1
21805
-1
7431
7015
-1
-1
-1
23551
-1
-1
18682
-1
-1
-1
-1
-1
-1
-1
-1
-1
12331
-1
3783
-1
-1
28235
-1
-1
-1
13329
7431
-1
-1
-1
-1
-1
6943
-1
-1
-1
KO
15838
-1
-1
6829
15237
31428
-1
-1
23404
-1
-1
6829
-1
-1
-1
-1
-1
-1
-1
-1
9437
-1
-1
-1
-1
-1
-1
-1
-1
-1
-1
-1
-1
-1
-1
-1
-1
-1
-1
22161
-1
-1
-1
-1
-1
-1
7547
7547
-1
11021
-1
11654
-1
-1
44372
-1
23404
-1
-1
-1
7431
20218
6279
6279
-1
-1
-1
-1
20218
11654
15838
-1
9437
2276
3783
10816
-1
-1
2276
-1
-1
7217
9437
-1
-1
-1
23551
KO
-1
20218
-1
OK: aggiunta la prima rotta
-1
-1
-1
-1
2276
-1
7547
6347
21805
-1
-1
-1
-1
-1
-1
-1
-1
-1
-1
-1
3783
-1
-1
11021
-1
-1
-1
-1
-1
-1
-1
28235
-1
-1
-1
-1
-1
-1
-1
-1
-1
-1
-1
-1
3783
-1
-1
6347
-1
-1
-1
-1
-1
-1
-1
-1
-1
15838
10240
6829
-1
-1
-1
23551
-1
-1
-1
-1
9437
-1
44372
-1
-1
-1
-1
-1
-1
-1
-1
2276
37691
-1
7431
-1
-1
1005
-1
-1
11673
-1
-1
-1
-1
-1
6943
-1
-1
-1
-1
-1
37212
-1
-1
-1
-1
-1
-1
-1
2276
5951
-1
-1
-1
13735
-1
-1
-1
12955
-1
-1
-1
-1
10816
-1
-1
-1
KO
-1
-1
-1
-1
-1
-1
-1
11673
-1
-1
-1
-1
21700
-1
-1
-1
-1
15838
-1
3783
-1
3783
-1
-1
-1
-1
26699
-1
-1
-1
-1
-1
-1
-1
-1
-1
15671
-1
-1
-1
-1
13228
23551
-1
-1
-1
-1
-1
-1
-1
-1
-1
-1
-1
-1
-1
-1
-1
-1
-1
-1
-1
7015
21700
31428
-1
-1
3783
3783
13329
15838
-1
37691
10414
11673
-1
-1
-1
44372
-1
11136
6829
7547
-1
-1
-1
-1
6943
-1
-1
-1
-1
-1
-1
-1
13146
37212
15348
-1
-1
KO
-1
7547
-1
-1
-1
-1
15348
-1
-1
-1
-1
-1
-1
-1
-1
-1
-1
-1
-1
-1
11654
-1
-1
-1
-1
KO
-1
1005
11527
-1
7431
12331
-1
6347
-1
-1
-1
-1
-1
-1
-1
-1
-1
11021
-1
10816
-1
-1
-1
23551
-1
-1
-1
-1
-1
21805
-1
12955
14709
-1
-1
-1
-1
-1
-1
7547
-1
-1
-1
-1
-1
-1
31428
-1
-1
11136
9437
-1
-1
-1
-1
-1
-1
-1
-1
-1
-1
-1
-1
-1
-1
12331
23551
-1
44372
11673
-1
-1
6943
1005
13329
-1
7217
-1
-1
-1
-1
-1
-1
-1
-1
KO
4044
-1
-1
-1
-1
28235
-1
-1
-1
-1
12331
6279
-1
-1
-1
-1
-1
-1
-1
-1
-1
-1
-1
-1
-1
-1
-1
2276
-1
-1
11136
-1
-1
-1
-1
-1
23404
-1
-1
12331
-1
-1
-1
-1
11021
-1
-1
-1
-1
-1
-1
11021
-1
44372
-1
7431
-1
-1
-1
-1
9437
-1
15838
-1
-1
-1
-1
-1
-1
-1
-1
-1
-1
-1
-1
-1
-1
-1
-1
7547
-1
27124
13735
-1
-1
23551
-1
-1
6943
-1
-1
-1
-1
-1
-1
-1
-1
-1
2276
-1
31428
-1
-1
13146
-1
-1
-1
-1
-1
-1
-1
KO
-1
-1
-1
-1
23404
-1
-1
-1
-1
-1
-1
-1
13228
-1
-1
-1
-1
-1
-1
-1
-1
26699
-1
-1
11527
-1
23404
-1
-1
6943
-1
2276
-1
15237
-1
28235
13228
-1
9437
11654
-1
-1
7015
-1
2276
37691
7547
-1
10816
6279
-1
-1
-1
-1
-1
-1
-1
-1
-1
-1
-1
-1
-1
-1
13329
11136
-1
-1
-1
5951
-1
KO
-1
-1
-1
6943
-1
-1
7547
21805
-1
-1
-1
-1
-1
-1
-1
KO
15671
7015
31428
13228
-1
37691
23404
-1
-1
-1
-1
13735
-1
-1
-1
-1
21700
-1
-1
-1
-1
-1
-1
23551
-1
6829
28235
-1
-1
-1
-1
-1
11527
6943
-1
-1
-1
-1
-1
-1
-1
-1
-1
-1
-1
-1
-1
-1
-1
-1
5951
-1
13228
-1
-1
-1
-1
28235
-1
-1
-1
-1
21805
-1
-1
7547
-1
6279
-1
-1
2276
-1
-1
-1
-1
7431
-1
-1
-1
KO
11673
-1
-1
-1
27124
-1
-1
-1
-1
-1
-1
-1
-1
-1
6279
-1
-1
-1
-1
-1
-1
13735
-1
-1
15237
-1
-1
23404
9437
-1
-1
12357
-1
9437
-1
-1
7015
-1
-1
KO
-1
10816
-1
-1
-1
-1
-1
-1
-1
-1
-1
-1
7431
-1
-1
2276
-1
7547
10816
-1
-1
-1
-1
-1
-1
-1
-1
-1
5951
-1
-1
-1
-1
7547
-1
-1
-1
KO
-1
5348
-1
12331
-1
-1
-1
KO
-1
-1
-1
7547
-1
-1
-1
-1
-1
-1
-1
-1
-1
-1
5951
KO
-1
-1
-1
1005
-1
-1
-1
-1
-1
-1
KO
-1
5348
-1
-1
-1
-1
-1
-1
6829
-1
-1
11021
-1
-1
-1
-1
-1
21805
-1
-1
-1
-1
-1
-1
7431
10816
-1
-1
-1
-1
44372
KO
-1
-1
-1
-1
-1
-1
-1
-1
-1
37691
-1
26699
15237
1005
-1
-1
-1
5951
-1
8878
3783
-1
-1
-1
6943
-1
-1
2276
-1
6347
-1
KO
-1
-1
-1
-1
-1
-1
21805
-1
-1
-1
-1
-1
-1
-1
-1
-1
-1
7015
-1
-1
6347
10816
KO
3783
13146
7015
-1
-1
-1
-1
-1
31428
-1
-1
KO
-1
28235
-1
6943
-1
-1
-1
-1
11021
-1
-1
-1
-1
-1
11527
-1
-1
-1
-1
-1
-1
-1
-1
-1
-1
-1
-1
-1
-1
11021
-1
-1
-1
11136
-1
-1
15348
13329
-1
-1
-1
15838
-1
-1
-1
KO
-1
-1
7217
-1
6279
2276
-1
-1
11527
-1
-1
-1
-1
-1
-1
7217
-1
-1
-1
14709
-1
-1
-1
6829
21805
-1
-1
-1
13735
-1
31428
-1
-1
7217
15838
-1
KO
23404
23551
-1
-1
-1
-1
-1
-1
13329
1005
15348
-1
-1
7431
7547
-1
-1
-1
-1
-1
1005
-1
-1
7431
-1
-1
KO
-1
-1
2276
-1
-1
11654
-1
-1
-1
1005
-1
-1
-1
-1
27124
-1
-1
-1
-1
-1
-1
-1
28235
-1
-1
5348
-1
-1
-1
-1
28235
12955
-1
11021
-1
-1
-1
7547
13146
-1
26699
-1
-1
-1
-1
-1
-1
11527
10816
-1
-1
-1
-1
-1
-1
7217
-1
-1
-1
OK: aggiunta la prima rotta
6943
11673
-1
-1
5404
-1
-1
-1
-1
-1
3783
-1
-1
KO
-1
-1
15302
-1
-1
-1
-1
-1
-1
-1
-1
-1
-1
23874
-1
-1
-1
9051
-1
-1
-1
-1
-1
-1
-1
-1
11527
-1
6829
10309
-1
-1
13228
-1
-1
-1
-1
-1
-1
-1
-1
-1
-1
-1
23390
-1
-1
6943
4044
-1
-1
-1
4044
-1
OK: aggiunta la prima rotta
-1
-1
-1
-1
8878
7547
-1
-1
-1
-1
-1
-1
-1
-1
-1
-1
-1
-1
-1
-1
-1
10240
17485
10414
-1
-1
-1
17485
-1
-1
-1
-1
-1
-1
6943
-1
-1
-1
-1
10159
-1
22733
-1
6943
-1
-1
-1
-1
-1
-1
-1
-1
-1
-1
19598
-1
-1
2276
-1
-1
-1
-1
-1
10240
-1
-1
14709
-1
17597
-1
15671
5348
-1
6279
7431
-1
-1
-1
-1
-1
-1
KO
-1
12901
-1
-1
4747
-1
-1
-1
-1
17023
-1
-1
-1
-1
-1
-1
-1
-1
-1
-1
KO
-1
-1
KO
-1
-1
22733
12955
-1
-1
-1
KO
-1
-1
-1
-1
13329
KO
-1
-1
-1
-1
-1
10240
-1
-1
6943
-1
-1
9437
-1
-1
-1
-1
-1
-1
-1
9652
-1
6347
-1
9652
-1
-1
-1
-1
-1
-1
-1
-1
17597
10159
17023
-1
7431
17376
-1
7431
15237
-1
15671
-1
-1
-1
6279
17485
-1
15237
-1
-1
7217
-1
-1
7547
-1
-1
KO
11673
-1
19598
9652
-1
17485
-1
20069
12331
2276
-1
-1
-1
12357
17023
-1
13078
-1
-1
-1
8878
-1
-1
-1
-1
-1
15237
-1
-1
-1
-1
2276
-1
-1
2276
-1
-1
17376
-1
-1
1643
-1
-1
-1
-1
9437
19598
-1
13329
13078
-1
-1
-1
-1
-1
-1
7431
-1
KO
-1
6347
-1
-1
17376
12901
-1
-1
-1
-1
17485
11136
-1
22733
14709
-1
-1
-1
-1
11527
-1
-1
-1
-1
-1
-1
-1
-1
-1
-1
23217
8878
-1
-1
-1
-1
-1
17597
-1
-1
KO
-1
-1
-1
7217
-1
-1
KO
-1
-1
-1
-1
23217
-1
OK: aggiunta la prima rotta
-1
-1
-1
1005
15237
14161
3783
-1
-1
-1
-1
-1
19856
12331
17597
-1
-1
-1
-1
-1
-1
-1
-1
-1
14161
-1
-1
-1
-1
-1
22520
-1
-1
-1
-1
-1
-1
11673
6829
7326
-1
-1
11457
-1
-1
-1
9437
-1
-1
KO
-1
-1
-1
-1
-1
-1
-1
-1
-1
-1
-1
-1
-1
-1
-1
-1
14709
-1
-1
-1
17485
-1
-1
-1
-1
13228
-1
7547
12331
15348
KO
-1
-1
-1
-1
-1
-1
-1
-1
-1
14161
12357
-1
9051
-1
-1
-1
-1
11071
9437
-1
-1
-1
-1
-1
-1
-1
11071
-1
6347
-1
-1
1005
-1
-1
-1
-1
-1
17485
4534
-1
-1
7431
-1
-1
-1
-1
-1
-1
KO
-1
-1
-1
-1
-1
8878
-1
-1
-1
-1
-1
5834
-1
-1
17163
-1
-1
7217
KO
-1
-1
6943
-1
KO
KO
17597
-1
-1
-1
11457
-1
-1
2276
-1
9437
-1
-1
-1
-1
-1
-1
10159
-1
-1
-1
-1
-1
-1
6943
-1
6943
17826
-1
-1
-1
-1
6347
-1
KO
-1
-1
11021
-1
7326
22520
-1
-1
-1
-1
-1
-1
-1
-1
-1
-1
-1
-1
-1
-1
-1
4534
-1
-1
-1
-1
-1
-1
-1
-1
KO
-1
-1
-1
11457
-1
5834
12357
-1
-1
12357
-1
-1
-1
-1
-1
2276
-1
-1
6943
1005
-1
-1
14161
-1
11021
-1
-1
3783
-1
-1
10414
-1
9439
-1
-1
-1
-1
17597
10159
12788
-1
-1
-1
-1
6347
-1
2276
-1
-1
-1
-1
-1
-1
9437
-1
15671
15237
-1
-1
-1
-1
-1
-1
-1
-1
10159
KO
-1
-1
-1
-1
-1
-1
-1
7326
-1
-1
9439
-1
-1
11071
-1
2276
11527
-1
19856
-1
-1
-1
-1
-1
-1
-1
OK
41196
KO
-1
-1
-1
-1
-1
-1
-1
-1
16242
1018
-1
-1
-1
57867
73306
-1
-1
-1
-1
-1
4483
-1
42099
-1
-1
57663
-1
-1
69995
-1
37866
73306
-1
-1
-1
4483
1018
2415
-1
-1
-1
-1
-1
-1
-1
-1
42538
-1
-1
-1
-1
-1
4483
-1
-1
-1
-1
-1
-1
-1
-1
70622
-1
-1
57663
-1
-1
57867
-1
-1
-1
51542
17259
43862
-1
-1
36980
-1
69995
-1
-1
69995
-1
-1
36467
-1
10811
-1
-1
-1
-1
-1
-1
-1
-1
36467
27537
1018
-1
73306
KO
51542
-1
-1
55529
-1
41196
-1
3495
-1
-1
-1
51542
-1
-1
24956
-1
-1
-1
-1
-1
-1
55529
-1
-1
-1
-1
-1
KO
-1
-1
-1
-1
-1
-1
-1
-1
51542
-1
-1
-1
-1
-1
-1
-1
-1
-1
17259
-1
-1
-1
-1
-1
KO
-1
-1
-1
KO
36467
24956
27637
-1
-1
-1
24956
42099
-1
24956
-1
-1
-1
27537
10811
-1
-1
27537
-1
30585
4483
72185
-1
36467
-1
-1
-1
-1
-1
-1
-1
24956
-1
-1
72185
43862
73306
42099
13715
4483
-1
-1
13715
-1
-1
55529
-1
-1
-1
-1
69995
-1
46997
-1
-1
42099
13715
-1
16242
-1
-1
-1
-1
-1
1018
-1
51542
-1
-1
-1
43862
-1
-1
42538
-1
32695
-1
3221
-1
-1
36467
-1
-1
42099
36980
-1
KO
-1
KO
-1
42099
KO
-1
-1
-1
-1
-1
-1
-1
-1
3221
17259
-1
-1
-1
-1
KO
-1
-1
-1
-1
-1
-1
-1
-1
-1
-1
-1
-1
-1
-1
-1
-1
-1
73306
69995
22669
-1
-1
-1
-1
-1
-1
-1
-1
-1
57663
-1
-1
-1
-1
-1
73306
1018
37866
-1
-1
27537
-1
2415
17372
-1
-1
-1
-1
KO
-1
22669
-1
-1
-1
22669
55529
-1
-1
-1
-1
-1
2415
-1
27537
-1
-1
-1
-1
32695
32695
-1
-1
-1
73306
42538
-1
-1
72185
-1
-1
-1
-1
69995
-1
-1
-1
2415
-1
36467
-1
-1
-1
42538
-1
-1
73306
-1
27537
-1
-1
-1
-1
-1
-1
17372
-1
-1
-1
-1
-1
24956
KO
-1
-1
22669
-1
-1
-1
-1
-1
1018
-1
17259
-1
-1
-1
-1
-1
-1
-1
70622
57867
72185
-1
22669
-1
-1
-1
-1
1018
-1
-1
24956
1018
-1
-1
-1
-1
-1
-1
-1
-1
27637
-1
-1
51542
27537
51542
42538
32695
-1
-1
36980
-1
-1
-1
4483
70622
-1
-1
-1
-1
3495
41196
-1
42099
-1
13715
-1
41196
-1
57663
-1
-1
27637
-1
-1
-1
-1
32695
-1
-1
-1
16242
-1
10811
-1
3221
-1
36980
-1
-1
-1
-1
-1
37866
10811
-1
-1
-1
36467
71309
-1
-1
17372
-1
-1
3495
-1
-1
-1
72185
-1
-1
-1
41196
13715
-1
69995
-1
71309
-1
-1
-1
-1
-1
57867
-1
27637
27637
-1
-1
-1
69995
-1
-1
-1
-1
3221
-1
-1
57663
43862
KO
KO
-1
-1
73306
42538
-1
-1
KO
-1
-1
2415
-1
51542
-1
-1
-1
-1
-1
-1
-1
-1
1018
-1
-1
-1
-1
-1
51542
-1
27637
42538
-1
-1
-1
-1
-1
42538
-1
-1
46997
51542
2415
13715
69995
22669
-1
-1
-1
-1
17259
-1
-1
30585
-1
-1
32695
-1
-1
-1
46997
-1
KO
-1
-1
36980
-1
-1
51542
-1
-1
17259
-1
-1
-1
55529
-1
-1
3221
-1
-1
-1
-1
-1
71309
-1
22669
-1
42538
-1
3221
-1
-1
KO
-1
-1
43862
-1
-1
-1
42099
30585
41196
-1
-1
-1
42099
-1
-1
-1
73306
-1
-1
72185
69995
KO
72185
-1
3495
-1
-1
-1
-1
-1
-1
-1
-1
46997
-1
-1
-1
-1
-1
10811
27537
-1
-1
57867
-1
-1
-1
-1
-1
17259
-1
27637
-1
KO
-1
-1
-1
-1
-1
-1
41196
-1
51542
36980
-1
27637
-1
-1
-1
-1
17259
72185
4483
-1
-1
4483
-1
-1
46997
-1
3495
-1
-1
-1
-1
-1
22669
-1
-1
-1
30585
-1
-1
-1
43862
-1
-1
-1
-1
-1
-1
-1
-1
-1
-1
-1
-1
-1
16242
-1
-1
22669
-1
-1
-1
-1
-1
-1
-1
-1
-1
4483
-1
-1
-1
-1
-1
-1
-1
46997
-1
-1
-1
69995
13715
-1
-1
-1
-1
24956
-1
-1
-1
16242
27637
30585
-1
69995
72185
2415
-1
-1
-1
-1
-1
51542
-1
-1
42538
30585
-1
3495
KO
-1
-1
-1
-1
-1
17259
-1
-1
-1
73306
36467
3221
-1
-1
32695
-1
-1
-1
-1
-1
71309
-1
-1
-1
-1
-1
-1
-1
-1
72185
-1
27637
-1
-1
-1
-1
27537
-1
-1
-1
46997
-1
70622
-1
13715
-1
-1
-1
4483
22669
17259
-1
-1
-1
36980
57867
-1
-1
-1
-1
43862
-1
-1
-1
17372
-1
-1
-1
-1
-1
-1
-1
-1
24956
-1
72185
KO
KO
-1
-1
-1
13715
-1
-1
36980
42099
-1
70622
41196
27537
3495
-1
-1
-1
-1
-1
17372
-1
KO
37866
41196
-1
-1
-1
-1
42538
-1
-1
42099
41196
-1
-1
-1
-1
-1
-1
36980
1018
-1
-1
22669
2415
-1
30585
-1
KO
-1
27537
3495
-1
-1
-1
-1
-1
-1
13715
22669
-1
72185
-1
-1
-1
51542
-1
-1
-1
-1
-1
3495
-1
-1
-1
-1
-1
-1
-1
-1
-1
4483
1018
13715
-1
-1
57867
-1
55529
16242
-1
-1
-1
-1
-1
-1
-1
-1
-1
-1
-1
17259
-1
-1
KO
16242
-1
-1
-1
-1
69995
-1
1018
42538
-1
-1
36467
57663
-1
-1
-1
43862
71309
-1
43862
-1
51542
72185
72185
-1
-1
42538
-1
-1
-1
-1
-1
-1
-1
-1
-1
-1
73306
3495
-1
-1
-1
-1
37866
-1
-1
-1
57663
3495
-1
-1
-1
-1
-1
-1
42099
-1
37866
-1
-1
1018
-1
-1
17259
-1
17372
43862
-1
-1
-1
46997
-1
13715
-1
-1
-1
-1
57663
-1
-1
-1
-1
1018
69995
-1
42099
22669
57867
4483
1018
-1
24956
-1
-1
KO
-1
16242
-1
-1
-1
2415
-1
-1
57867
-1
10811
-1
41196
-1
22669
3495
46997
-1
-1
16242
-1
KO
2415
-1
-1
-1
10811
-1
30585
-1
-1
36467
-1
-1
-1
-1
4483
-1
72185
30585
-1
24956
30585
-1
-1
-1
KO
-1
2415
17372
-1
32695
-1
27637
-1
-1
-1
57867
-1
22669
-1
-1
10811
-1
36467
-1
-1
-1
-1
-1
-1
4483
-1
10811
-1
-1
-1
4483
-1
KO
69995
69995
-1
-1
32695
-1
-1
-1
-1
17259
-1
-1
3495
30585
-1
-1
-1
-1
KO
-1
-1
-1
3221
-1
-1
-1
4483
27537
-1
-1
69995
46997
41196
-1
-1
-1
-1
10811
-1
-1
-1
-1
-1
24956
-1
-1
-1
-1
-1
-1
-1
-1
1018
-1
57663
-1
72185
57663
-1
-1
-1
-1
10811
-1
-1
-1
-1
-1
-1
-1
-1
3221
-1
-1
-1
-1
-1
-1
-1
-1
-1
-1
-1
-1
51542
-1
-1
-1
-1
KO
-1
70622
41196
-1
27637
-1
-1
27637
-1
-1
32695
27637
-1
-1
-1
36467
-1
27637
36980
71309
-1
24956
16242
-1
36980
57663
-1
-1
17372
-1
-1
-1
-1
-1
57867
-1
-1
30585
-1
-1
-1
-1
-1
10811
KO
55529
-1
-1
71309
-1
-1
73306
32695
-1
-1
KO
-1
-1
-1
-1
22669
-1
-1
70622
17259
36980
27637
-1
2415
-1
37866
-1
-1
-1
-1
24956
KO
-1
-1
-1
-1
-1
37866
-1
-1
-1
-1
32695
-1
-1
-1
-1
37866
2415
3221
-1
-1
-1
-1
-1
46997
-1
-1
16242
43862
55529
57663
-1
36467
17259
72185
-1
-1
2415
13715
36980
-1
-1
-1
-1
55529
-1
22669
-1
KO
-1
-1
-1
-1
-1
-1
-1
10811
-1
37866
-1
-1
-1
43862
-1
-1
13715
73306
-1
-1
-1
3495
-1
-1
-1
-1
27537
3221
-1
36980
42538
-1
-1
-1
22669
-1
41196
-1
-1
KO
-1
-1
13715
-1
1018
30585
22669
70622
72185
1018
-1
-1
-1
-1
57867
-1
-1
51542
-1
-1
69995
13715
16242
-1
-1
-1
-1
-1
-1
-1
-1
-1
-1
13715
42538
24956
32695
-1
-1
-1
69995
-1
-1
30585
17372
-1
-1
-1
-1
-1
-1
KO
-1
-1
-1
-1
43862
3495
-1
-1
-1
51542
-1
-1
-1
-1
43862
71309
-1
-1
-1
-1
-1
10811
32695
70622
13715
-1
-1
-1
17372
-1
-1
55529
43862
27637
55529
-1
51542
-1
-1
-1
70622
70622
-1
71309
-1
43862
-1
-1
13715
37866
36467
-1
-1
1018
17372
71309
-1
10811
-1
37866
43862
-1
-1
-1
-1
-1
46997
36467
-1
KO
-1
-1
-1
-1
17372
30585
-1
-1
-1
-1
37866
-1
-1
-1
-1
-1
-1
-1
KO
KO
-1
-1
-1
-1
70622
-1
51542
-1
-1
-1
-1
-1
-1
-1
27637
69995
-1
10811
-1
16242
-1
-1
-1
-1
-1
-1
-1
-1
3221
-1
-1
-1
-1
36467
-1
-1
-1
-1
-1
-1
-1
57663
-1
10811
-1
-1
-1
-1
-1
-1
71309
-1
-1
-1
37866
-1
-1
17259
-1
-1
-1
-1
-1
-1
22669
-1
73306
43862
36980
-1
-1
KO
-1
16242
57663
-1
-1
-1
-1
22669
-1
72185
-1
-1
-1
-1
1018
-1
-1
1018
72185
-1
32695
51542
-1
-1
57867
-1
-1
-1
-1
46997
-1
-1
-1
-1
-1
71309
30585
1018
-1
-1
-1
32695
-1
-1
-1
-1
-1
-1
2415
27537
-1
-1
-1
-1
-1
36980
27637
-1
-1
55529
-1
13715
-1
-1
-1
-1
-1
-1
17372
-1
-1
27637
-1
24956
-1
-1
-1
-1
-1
17372
41196
36980
KO
51542
42099
-1
37866
-1
4483
-1
-1
-1
-1
-1
-1
51542
-1
46997
-1
-1
4483
-1
-1
-1
-1
-1
-1
-1
10811
-1
-1
42099
-1
-1
-1
-1
-1
37866
KO
36980
55529
-1
-1
-1
-1
-1
27537
-1
-1
41196
13715
-1
-1
36980
-1
-1
-1
55529
-1
-1
-1
-1
-1
-1
55529
-1
3495
-1
-1
-1
3495
41196
-1
-1
-1
-1
-1
-1
-1
-1
24956
-1
17372
-1
-1
-1
-1
69995
-1
-1
16242
-1
-1
-1
-1
-1
-1
-1
-1
-1
-1
-1
-1
-1
-1
-1
55529
-1
70622
3221
46997
10811
-1
13715
-1
-1
-1
69995
-1
41196
43862
3221
36467
42099
-1
-1
-1
KO
-1
OK: aggiunta la prima rotta
-1
3495
3495
63710
-1
-1
-1
-1
4483
39398
23940
-1
55529
-1
43943
3495
39398
-1
KO
KO
-1
KO
-1
-1
-1
-1
-1
-1
47930
-1
-1
-1
-1
-1
-1
57663
-1
-1
-1
-1
4483
-1
36263
-1
-1
-1
24956
-1
-1
-1
-1
34500
-1
-1
-1
-1
20604
-1
-1
-1
-1
-1
KO
65707
-1
-1
-1
-1
-1
55529
-1
-1
50064
-1
23940
71309
34500
-1
30585
28868
-1
-1
-1
22669
43943
-1
-1
-1
-1
-1
-1
-1
-1
13715
-1
-1
3495
57867
-1
24956
4483
-1
22669
-1
13715
50064
-1
-1
-1
13715
57867
KO
22669
-1
10811
-1
-1
-1
-1
-1
13715
63710
KO
-1
24956
17259
-1
-1
2415
-1
10811
-1
-1
3221
-1
-1
-1
39398
33597
-1
-1
-1
-1
-1
69995
-1
-1
-1
20604
-1
43862
-1
10811
-1
-1
50268
-1
-1
1018
-1
-1
-1
50064
30585
-1
-1
-1
-1
16242
-1
46997
-1
-1
-1
-1
-1
-1
-1
-1
-1
-1
-1
KO
-1
-1
-1
-1
-1
20604
16242
55529
-1
47930
-1
13715
-1
72185
-1
-1
-1
-1
-1
-1
-1
-1
27537
2415
-1
KO
-1
-1
-1
-1
30585
-1
-1
-1
-1
-1
-1
17372
57867
-1
-1
-1
-1
-1
KO
-1
-1
41196
-1
-1
-1
16242
-1
-1
-1
KO
3495
-1
-1
10811
32695
-1
-1
-1
-1
-1
55529
-1
-1
-1
-1
34500
50064
62396
-1
KO
-1
-1
-1
50268
-1
17259
24956
-1
-1
-1
3221
-1
-1
17259
-1
-1
2415
-1
-1
-1
-1
34939
-1
34939
-1
-1
-1
-1
-1
-1
-1
63710
-1
-1
-1
-1
KO
23940
-1
-1
-1
-1
37866
-1
-1
-1
-1
70622
-1
4483
-1
51542
-1
-1
-1
-1
-1
-1
36980
57663
3495
2415
23940
-1
27537
-1
-1
-1
-1
KO
-1
-1
-1
64586
-1
-1
-1
-1
-1
-1
OK: aggiunta la prima rotta
-1
-1
-1
-1
-1
-1
-1
-1
-1
18256
-1
36026
-1
-1
21890
-1
63710
-1
-1
-1
-1
-1
-1
-1
30267
39398
-1
-1
42099
17259
-1
-1
-1
30585
-1
63710
-1
-1
-1
-1
16242
-1
16039
3221
-1
16039
-1
36026
16222
-1
-1
-1
-1
-1
3495
-1
15675
-1
-1
-1
-1
-1
-1
-1
-1
-1
-1
-1
3495
-1
-1
20604
-1
18256
-1
16222
50268
-1
15675
-1
-1
36026
50064
-1
22577
-1
30585
-1
-1
-1
-1
-1
64586
2415
24956
-1
-1
-1
-1
OK: aggiunta la prima rotta
-1
1018
-1
62396
-1
-1
-1
-1
-1
KO
KO
3221
-1
4483
-1
16222
-1
-1
-1
-1
-1
-1
3221
-1
17259
-1
-1
-1
-1
-1
-1
-1
23940
-1
17372
21890
-1
-1
-1
21097
-1
4483
-1
-1
-1
20604
42099
-1
-1
22669
2415
8249
-1
-1
-1
-1
-1
24956
13715
-1
21890
-1
16039
-1
-1
1018
-1
63023
-1
-1
-1
10811
22669
-1
-1
-1
-1
-1
2415
36263
-1
-1
-1
-1
-1
KO
KO
13715
-1
-1
33597
30585
-1
-1
4483
47930
62396
-1
-1
-1
-1
-1
-1
-1
-1
39398
6797
30585
10811
-1
-1
34500
-1
-1
-1
-1
-1
-1
-1
-1
47930
-1
-1
10811
KO
24956
-1
-1
2415
42099
10811
-1
-1
30267
-1
8249
22669
-1
3221
-1
-1
-1
23940
-1
-1
16039
-1
20604
-1
-1
3495
-1
3221
-1
23453
4483
-1
-1
-1
65707
-1
-1
-1
-1
-1
13715
3221
-1
-1
-1
-1
-1
-1
-1
15675
-1
-1
-1
-1
24956
3495
-1
-1
16222
-1
-1
21263
-1
15675
KO
16242
-1
4483
-1
-1
21263
-1
17372
-1
-1
-1
3221
34500
-1
2415
30267
-1
-1
2415
KO
-1
-1
KO
-1
-1
-1
-1
3495
8249
1018
2415
-1
-1
KO
50268
4483
65707
17372
16039
-1
-1
-1
-1
-1
13715
34939
30585
17259
-1
1018
-1
-1
3495
30267
-1
21890
-1
36263
-1
-1
9135
-1
-1
-1
-1
-1
-1
-1
-1
6797
-1
-1
25096
-1
-1
16242
-1
-1
OK: aggiunta la prima rotta
-1
43943
-1
-1
15675
9135
-1
-1
KO
21566
-1
16242
-1
-1
-1
17372
10811
-1
-1
-1
-1
35973
-1
-1
-1
-1
-1
-1
12669
24956
21890
24574
3221
-1
1018
-1
4483
36026
-1
13715
-1
-1
9135
-1
4483
-1
4483
-1
43943
4483
-1
-1
36026
-1
44025
-1
15330
44025
3495
-1
-1
KO
-1
-1
-1
-1
3221
-1
-1
-1
15330
-1
-1
-1
-1
24574
-1
17372
-1
-1
8616
-1
-1
-1
-1
-1
24574
-1
-1
17259
-1
-1
-1
-1
2415
6763
45192
2415
6797
-1
-1
9181
-1
28868
-1
-1
-1
-1
-1
-1
25096
-1
26386
-1
-1
-1
-1
14266
KO
21263
18256
-1
7538
23076
-1
-1
17372
-1
4483
-1
-1
27537
-1
22577
-1
-1
-1
KO
8616
30267
41951
-1
-1
21566
-1
-1
-1
-1
-1
-1
-1
23453
8616
8616
KO
1018
-1
-1
KO
-1
-1
17259
36849
-1
6763
44025
-1
-1
13715
-1
-1
6763
-1
-1
-1
KO
21890
25096
17372
-1
24956
43943
-1
-1
-1
3221
28868
-1
-1
39398
16242
-1
-1
-1
-1
3495
18256
10811
-1
-1
-1
-1
43943
-1
-1
-1
39398
6763
14266
-1
-1
16039
25096
42099
-1
-1
-1
48644
-1
-1
-1
-1
-1
-1
KO
22669
-1
-1
-1
-1
-1
KO
10811
-1
-1
-1
-1
-1
KO
-1
21097
-1
8616
-1
-1
-1
-1
10811
-1
-1
6763
-1
-1
-1
-1
4483
21566
-1
-1
-1
42099
-1
-1
33597
-1
2415
-1
-1
21890
-1
-1
1018
2415
28868
-1
-1
17372
16222
-1
-1
-1
-1
-1
33597
4922
-1
-1
-1
-1
24956
6797
-1
30585
39398
-1
-1
30585
33597
-1
-1
-1
-1
-1
-1
-1
-1
-1
-1
41951
1018
-1
16039
-1
-1
-1
-1
-1
21263
-1
-1
4483
-1
-1
-1
-1
-1
-1
-1
16242
-1
-1
-1
3495
-1
-1
-1
-1
-1
-1
-1
15675
13715
6797
2415
23076
-1
-1
44025
-1
8616
-1
-1
-1
-1
-1
-1
-1
-1
-1
-1
-1
39398
-1
-1
-1
16039
-1
-1
-1
17372
-1
6797
-1
30585
-1
-1
-1
-1
-1
-1
-1
25096
-1
16039
-1
-1
-1
-1
-1
33597
-1
-1
-1
-1
-1
-1
-1
-1
16222
4483
4483
4483
2415
-1
33597
-1
-1
-1
-1
26386
7538
8616
KO
-1
-1
-1
-1
-1
-1
-1
-1
-1
3495
-1
KO
10811
26386
-1
-1
-1
-1
-1
KO
-1
-1
-1
-1
-1
-1
-1
-1
-1
-1
-1
-1
-1
-1
-1
-1
20604
-1
4922
22669
-1
-1
-1
21263
-1
-1
-1
39559
-1
2415
-1
-1
-1
-1
-1
-1
-1
-1
-1
12669
6763
-1
1018
14266
-1
-1
-1
-1
48644
-1
44025
17372
KO
4483
-1
-1
-1
-1
15330
-1
-1
-1
3221
17372
-1
-1
-1
-1
-1
35973
35973
20604
-1
-1
26386
-1
27537
-1
KO
17259
1018
-1
20604
3495
-1
20604
4922
-1
14266
KO
24574
-1
-1
35973
-1
17259
-1
-1
8616
-1
-1
-1
-1
-1
-1
-1
-1
16039
1018
2415
-1
-1
15330
9135
-1
-1
28967
-1
44025
9135
-1
-1
-1
-1
-1
-1
-1
-1
-1
-1
26386
-1
2415
-1
-1
-1
-1
-1
8249
-1
33597
-1
21263
KO
-1
-1
-1
-1
-1
17372
6797
-1
-1
44025
-1
-1
14266
-1
-1
30267
-1
-1
16222
4483
15330
-1
17372
-1
-1
1018
-1
-1
17372
-1
-1
36849
-1
13715
-1
6763
-1
35973
-1
48644
-1
27537
10811
1018
-1
-1
-1
-1
-1
-1
-1
36026
3495
-1
9135
-1
-1
4483
6797
1018
-1
41951
-1
-1
-1
-1
-1
-1
35973
-1
20604
21566
-1
42099
-1
-1
24574
-1
-1
-1
-1
-1
35973
-1
-1
10811
-1
24574
7538
-1
23076
-1
-1
27537
-1
-1
-1
17259
-1
-1
14266
4483
35973
-1
-1
-1
25096
-1
-1
-1
-1
14266
-1
-1
KO
41951
-1
-1
16242
-1
44025
-1
13715
KO
3495
44025
-1
-1
24956
-1
-1
3221
10811
-1
-1
-1
30267
36849
4483
-1
-1
KO
-1
-1
36026
-1
30267
45192
36026
48644
-1
-1
-1
-1
-1
-1
24574
KO
-1
-1
-1
33597
3495
-1
-1
-1
-1
-1
-1
-1
-1
-1
2415
-1
-1
35973
-1
21566
-1
-1
-1
1018
18256
-1
-1
2415
-1
-1
22577
23076
-1
-1
-1
-1
14266
-1
-1
-1
-1
-1
-1
-1
-1
-1
9181
-1
-1
41951
-1
-1
-1
16222
-1
-1
45192
22669
-1
-1
-1
9181
10811
1018
-1
-1
-1
-1
-1
13715
-1
-1
-1
KO
-1
36849
-1
-1
-1
-1
-1
-1
-1
21566
-1
-1
36026
-1
-1
24956
-1
-1
-1
15675
-1
21263
-1
-1
7538
-1
-1
-1
-1
-1
-1
-1
-1
7538
-1
10811
-1
-1
-1
-1
-1
30585
27537
-1
-1
-1
3221
-1
9181
-1
-1
-1
-1
10811
-1
-1
KO
-1
-1
-1
-1
-1
-1
12267
43943
-1
-1
-1
-1
4922
28868
30585
-1
18256
-1
-1
-1
27537
-1
-1
-1
28967
-1
-1
8249
9181
-1
35973
-1
43943
-1
-1
21097
-1
30585
25096
33597
-1
-1
-1
-1
21097
27537
-1
24956
-1
13715
4922
-1
-1
-1
-1
-1
17259
-1
1018
36849
-1
23076
-1
KO
-1
-1
39559
10811
-1
-1
21097
2415
13715
-1
-1
-1
-1
12267
-1
-1
23453
10811
-1
-1
-1
-1
16242
-1
-1
-1
-1
4483
-1
3221
15330
17372
KO
-1
-1
-1
18256
-1
-1
-1
-1
-1
1018
-1
-1
KO
-1
3495
-1
-1
-1
-1
-1
-1
-1
-1
16242
-1
10811
-1
-1
-1
KO
-1
-1
-1
-1
-1
KO
30585
-1
-1
-1
-1
3495
17372
42099
-1
7538
6797
-1
-1
-1
7538
3495
-1
17259
-1
17372
3221
48644
-1
23076
-1
-1
-1
-1
-1
-1
-1
-1
-1
-1
21890
21097
-1
24574
-1
-1
-1
-1
6763
-1
-1
-1
4922
-1
16242
22669
-1
-1
3221
-1
-1
-1
24956
9181
-1
-1
16242
4483
9181
-1
-1
27537
-1
27537
23453
-1
-1
-1
-1
-1
-1
-1
-1
-1
24574
-1
-1
-1
-1
-1
-1
12669
-1
-1
-1
-1
2415
-1
-1
13715
KO
-1
3495
-1
-1
-1
-1
25096
23453
KO
-1
-1
-1
4922
-1
-1
3495
-1
16039
-1
-1
-1
3221
-1
-1
-1
3221
4483
48644
23076
10811
-1
43943
-1
-1
-1
16222
13715
-1
-1
-1
16242
20604
26386
-1
24574
-1
-1
20604
-1
-1
-1
-1
27537
-1
1018
-1
-1
-1
-1
-1
-1
-1
-1
43943
KO
17259
-1
-1
-1
18256
35973
-1
-1
-1
35973
17372
9135
36026
-1
-1
-1
12669
-1
-1
27537
22669
KO
-1
-1
-1
-1
45192
-1
44025
-1
-1
-1
16242
-1
-1
-1
-1
-1
39559
-1
1018
24956
-1
-1
28967
-1
23453
33597
-1
-1
13715
-1
-1
-1
15330
12267
-1
-1
24956
-1
KO
35973
21097
-1
6763
48644
1018
-1
4483
-1
12267
-1
-1
-1
-1
44025
8616
KO
-1
16242
15675
16242
-1
14266
-1
36849
-1
6797
39559
24956
-1
9135
-1
-1
9181
-1
-1
-1
-1
8616
-1
-1
27537
-1
-1
21890
22669
3495
-1
-1
-1
-1
-1
24956
KO
-1
2415
-1
-1
-1
39559
12267
-1
-1
-1
-1
-1
-1
-1
-1
4922
-1
43943
-1
-1
-1
-1
-1
-1
-1
23076
21890
21566
-1
48644
-1
-1
-1
12267
-1
42099
2415
-1
-1
18256
-1
-1
28967
6763
-1
-1
-1
-1
3495
-1
-1
-1
24956
18256
-1
KO
3495
-1
-1
-1
-1
-1
1018
-1
-1
-1
-1
16222
-1
-1
-1
-1
18256
-1
-1
-1
45192
-1
-1
44025
-1
-1
9135
-1
-1
15675
-1
-1
-1
-1
-1
-1
-1
-1
-1
-1
-1
-1
-1
45192
-1
-1
-1
-1
3221
3495
21097
-1
-1
-1
-1
-1
KO
-1
-1
-1
36026
30585
-1
43943
23076
17372
-1
-1
16222
-1
-1
4483
-1
-1
-1
8249
-1
27537
-1
33597
OK: aggiunta la prima rotta
-1
-1
8616
-1
-1
10811
-1
-1
-1
41951
13715
-1
-1
4483
-1
-1
-1
-1
9181
-1
-1
-1
-1
30958
26386
-1
-1
-1
-1
-1
-1
23453
14266
-1
2415
-1
13715
13715
-1
-1
-1
7538
20604
-1
-1
-1
10921
15330
-1
-1
-1
-1
-1
24574
-1
-1
1018
-1
3495
7538
24574
-1
-1
KO
-1
-1
KO
-1
-1
15675
-1
14219
-1
-1
-1
KO
-1
-1
-1
-1
10921
-1
-1
3221
3495
-1
9181
-1
-1
1018
-1
36849
-1
-1
-1
-1
-1
-1
-1
9181
1018
-1
-1
-1
26386
24956
-1
-1
44025
-1
14151
-1
KO
-1
-1
30267
12267
14151
-1
4483
-1
-1
-1
-1
-1
-1
16242
-1
2415
-1
-1
-1
-1
-1
30267
4483
-1
-1
-1
15330
-1
-1
-1
4483
40121
-1
-1
-1
KO
-1
-1
-1
6763
-1
-1
-1
-1
-1
-1
22577
13715
-1
-1
20604
3495
36849
-1
12267
-1
-1
4483
3221
28967
-1
48644
35973
4483
4922
-1
21263
14266
6763
KO
20604
-1
-1
-1
-1
-1
9135
-1
-1
28967
-1
-1
-1
-1
-1
-1
17259
-1
-1
13715
-1
23076
-1
17372
35973
-1
-1
22577
-1
21890
-1
-1
7315
-1
-1
-1
30958
-1
22577
4483
-1
-1
14219
OK: aggiunta la prima rotta
-1
24574
-1
-1
-1
-1
-1
-1
8249
13715
-1
-1
3495
23453
-1
6797
6763
-1
18482
26508
-1
-1
-1
14841
-1
-1
-1
17372
-1
14151
37300
-1
-1
-1
-1
-1
-1
18482
12267
-1
30585
-1
6410
-1
7538
7959
28642
20604
28642
-1
6410
-1
-1
-1
28868
-1
-1
-1
17259
17259
-1
15330
KO
-1
-1
-1
-1
-1
4483
22577
-1
4922
14151
7315
7315
KO
-1
28868
13715
21263
8249
3221
1018
17372
30585
-1
3495
14219
-1
-1
4483
-1
28846
43943
-1
-1
-1
KO
-1
-1
-1
-1
-1
-1
26508
-1
-1
10921
-1
-1
12267
-1
14151
-1
-1
-1
3495
27537
-1
-1
-1
-1
-1
-1
-1
-1
-1
10811
9135
-1
-1
-1
-1
-1
-1
-1
-1
-1
-1
-1
-1
16242
-1
-1
-1
-1
-1
-1
-1
-1
-1
-1
22669
KO
4483
-1
-1
-1
-1
40121
-1
23453
-1
14266
-1
-1
-1
-1
28868
1018
KO
21890
-1
13715
-1
28868
28868
-1
3221
17259
KO
-1
-1
-1
13715
27537
-1
-1
-1
-1
-1
20604
-1
-1
-1
15675
-1
3495
-1
-1
-1
14841
24956
14151
25096
21263
-1
-1
-1
-1
-1
28868
-1
-1
15675
-1
3495
-1
6410
-1
35973
-1
-1
-1
-1
-1
24574
-1
-1
-1
-1
-1
-1
10921
-1
-1
-1
25096
1018
-1
-1
-1
-1
-1
-1
-1
-1
-1
-1
-1
22577
-1
-1
-1
-1
28868
-1
-1
7538
-1
7538
36849
-1
-1
-1
1018
15330
-1
7538
-1
KO
-1
-1
-1
-1
12669
-1
43943
-1
-1
-1
-1
KO
-1
-1
-1
-1
-1
4483
24956
6763
14219
-1
-1
-1
41601
-1
1018
18482
-1
9135
-1
-1
-1
-1
24574
-1
-1
43943
OK: aggiunta la prima rotta
-1
30958
-1
-1
12669
-1
-1
-1
14500
-1
-1
-1
-1
28846
17158
-1
-1
-1
-1
-1
-1
44285
KO
40121
20604
21890
3495
-1
-1
21890
21263
-1
-1
-1
2415
-1
-1
-1
-1
-1
-1
2415
-1
-1
-1
-1
1018
28642
4483
16242
28846
-1
-1
KO
-1
-1
20604
-1
16242
-1
14151
-1
-1
-1
KO
-1
17372
-1
-1
44285
-1
-1
3495
24956
KO
4483
14151
39559
-1
7315
-1
-1
-1
-1
-1
-1
16242
6797
-1
10811
-1
-1
-1
-1
16242
10811
-1
-1
28868
-1
-1
-1
4922
-1
-1
-1
-1
-1
-1
14266
-1
-1
-1
-1
-1
12669
-1
-1
-1
-1
-1
2415
-1
-1
-1
-1
-1
-1
17158
-1
-1
-1
16242
-1
-1
-1
-1
-1
-1
10921
-1
-1
-1
-1
-1
14266
-1
2415
-1
14841
-1
-1
-1
-1
-1
-1
-1
5954
8249
-1
17372
30958
-1
-1
-1
-1
17372
-1
-1
-1
-1
KO
2415
-1
4483
-1
37300
-1
39559
-1
-1
-1
17259
30585
-1
-1
-1
44285
-1
36849
-1
-1
-1
-1
24574
13715
-1
-1
-1
-1
9038
-1
-1
1018
-1
30585
-1
17158
-1
-1
25096
-1
KO
-1
9038
-1
17372
-1
-1
-1
21890
14500
-1
-1
28846
-1
43943
KO
18482
-1
-1
KO
-1
-1
-1
25096
13715
-1
-1
-1
-1
-1
-1
1018
16242
-1
4483
12669
25096
-1
-1
-1
-1
-1
23453
-1
-1
-1
-1
-1
-1
-1
-1
-1
30585
-1
-1
-1
-1
-1
-1
-1
17158
-1
-1
-1
-1
-1
-1
23453
25096
-1
-1
9038
-1
-1
9038
-1
-1
24956
-1
-1
-1
17158
35973
40121
-1
21890
4483
-1
-1
-1
-1
-1
-1
9135
-1
-1
3221
-1
-1
-1
-1
-1
-1
-1
-1
16242
-1
-1
-1
5954
-1
28846
-1
-1
3495
27537
-1
-1
24956
10811
-1
-1
-1
-1
-1
-1
14266
-1
-1
-1
-1
-1
13715
16242
-1
21890
-1
-1
-1
-1
-1
-1
-1
39559
-1
-1
KO
8249
-1
-1
-1
-1
22577
-1
-1
-1
-1
26508
16242
4483
40121
-1
-1
-1
43943
-1
16242
9038
-1
-1
-1
30958
-1
7315
-1
-1
-1
-1
10811
4922
30267
4483
-1
-1
-1
44285
-1
KO
20604
13715
-1
7315
-1
-1
-1
8249
21890
-1
-1
10921
-1
-1
-1
24079
-1
22669
-1
-1
-1
-1
28868
-1
39559
-1
-1
-1
39559
-1
-1
-1
-1
-1
-1
-1
14500
-1
-1
-1
-1
-1
-1
-1
-1
-1
-1
-1
-1
-1
7538
18482
-1
-1
-1
15675
-1
-1
-1
-1
9135
-1
-1
-1
-1
-1
-1
-1
-1
-1
8249
-1
3221
-1
-1
13715
-1
-1
-1
-1
-1
39559
12267
-1
-1
-1
39559
4922
-1
-1
-1
1018
-1
-1
-1
-1
-1
-1
KO
-1
-1
28868
30267
22577
-1
30267
44285
-1
-1
-1
-1
28642
15675
-1
-1
-1
KO
26508
-1
-1
-1
22577
-1
-1
-1
13715
-1
4483
-1
-1
-1
9038
-1
-1
-1
-1
17158
-1
KO
2415
-1
17372
-1
10811
-1
-1
-1
-1
-1
-1
-1
30267
10921
-1
-1
-1
-1
17372
14266
39559
-1
-1
-1
16242
KO
-1
-1
-1
7315
10811
-1
-1
-1
3221
-1
28642
-1
-1
-1
-1
28642
-1
21263
-1
-1
26508
-1
4483
24956
-1
3221
14151
-1
-1
-1
44285
4922
-1
41601
-1
14266
-1
14841
4483
9135
14500
-1
-1
-1
27537
13715
-1
-1
14151
17259
-1
-1
-1
-1
-1
35973
24079
-1
-1
KO
-1
-1
24079
13715
-1
-1
-1
-1
-1
-1
27537
-1
-1
-1
-1
-1
-1
-1
-1
KO
-1
-1
4922
4483
-1
43943
-1
-1
-1
10811
17259
-1
-1
-1
12669
41601
-1
-1
-1
7315
22577
-1
KO
16242
17372
OK
-1
-1
-1
-1
-1
-1
7470
-1
-1
45667
-1
45667
-1
-1
-1
-1
-1
-1
7470
75493
-1
33565
-1
-1
-1
75493
795
57781
-1
-1
-1
-1
-1
-1
-1
1056
-1
18122
-1
-1
-1
-1
59309
-1
-1
-1
-1
6695
-1
-1
-1
-1
36461
-1
-1
-1
-1
-1
75493
-1
-1
-1
KO
-1
-1
-1
KO
62912
23912
-1
630
-1
-1
-1
57781
-1
-1
-1
-1
-1
-1
-1
27078
-1
-1
KO
57125
-1
62912
18122
-1
35280
-1
-1
-1
-1
62912
-1
-1
-1
-1
-1
-1
36461
-1
-1
-1
-1
-1
-1
-1
-1
-1
57125
-1
62258
-1
-1
-1
-1
36461
-1
-1
-1
6695
-1
KO
-1
-1
-1
62912
7470
-1
-1
-1
-1
-1
-1
13607
11563
-1
-1
-1
-1
-1
-1
-1
-1
-1
-1
-1
75493
-1
-1
-1
-1
-1
-1
-1
-1
-1
-1
-1
-1
57781
-1
-1
-1
-1
-1
-1
630
22453
-1
57125
-1
54158
22453
45551
-1
75493
62912
-1
57125
-1
-1
45667
57125
-1
-1
-1
23912
51494
-1
KO
62912
-1
13607
-1
62258
-1
75493
54158
-1
51494
-1
7470
-1
-1
-1
-1
-1
-1
6695
-1
59309
795
-1
23912
-1
-1
-1
-1
-1
-1
-1
-1
-1
-1
-1
-1
-1
-1
-1
630
-1
-1
-1
-1
-1
-1
-1
-1
-1
62912
-1
-1
-1
-1
-1
-1
59309
-1
-1
-1
-1
-1
KO
KO
-1
-1
-1
33565
-1
-1
71228
-1
-1
-1
-1
-1
-1
-1
7470
-1
-1
-1
-1
22453
-1
75493
22453
-1
-1
-1
75493
-1
75493
-1
-1
-1
-1
-1
-1
-1
-1
795
-1
-1
-1
-1
57781
-1
-1
35280
-1
630
-1
-1
-1
-1
-1
1056
-1
-1
51494
-1
59309
-1
-1
-1
54158
45551
22453
59309
-1
-1
-1
-1
-1
-1
-1
11563
71228
-1
-1
-1
-1
45537
-1
-1
-1
-1
-1
45667
-1
-1
51494
-1
-1
-1
795
-1
-1
-1
-1
45667
11563
-1
-1
-1
-1
-1
-1
-1
51494
-1
-1
-1
45551
-1
59309
-1
27078
-1
-1
-1
36461
-1
-1
59309
-1
33565
-1
OK: aggiunta la prima rotta
-1
-1
-1
-1
-1
-1
-1
KO
-1
-1
-1
18122
-1
-1
45551
-1
-1
-1
-1
-1
-1
-1
-1
-1
-1
-1
18472
-1
-1
52962
6695
-1
-1
-1
-1
-1
-1
-1
40381
795
-1
-1
-1
-1
-1
23912
-1
-1
34594
-1
-1
-1
-1
-1
-1
-1
-1
630
-1
-1
-1
-1
-1
-1
-1
23912
-1
-1
-1
-1
52962
13607
-1
-1
40381
-1
31627
36778
-1
31627
-1
27078
-1
-1
-1
-1
45551
-1
-1
-1
-1
795
23912
-1
23020
-1
-1
-1
6695
15421
-1
48697
48697
6695
-1
34594
-1
-1
-1
-1
-1
-1
-1
34594
-1
-1
-1
23912
-1
-1
45551
38164
-1
-1
-1
630
-1
-1
-1
-1
-1
-1
-1
7470
-1
-1
-1
-1
-1
48697
-1
57781
-1
-1
-1
-1
-1
-1
-1
-1
57125
-1
-1
-1
-1
57781
40381
-1
-1
40381
7470
-1
-1
-1
45551
36461
-1
-1
-1
-1
62258
-1
31627
-1
-1
-1
-1
-1
-1
-1
22453
31627
KO
51494
-1
-1
-1
-1
KO
7470
-1
57781
-1
62258
23006
-1
-1
-1
-1
795
-1
27078
45537
62912
-1
-1
31627
-1
-1
-1
-1
11563
-1
-1
39727
15594
-1
-1
-1
-1
-1
-1
KO
-1
-1
-1
-1
-1
-1
-1
-1
-1
11563
-1
62258
-1
-1
-1
-1
-1
75493
23912
-1
-1
-1
-1
-1
-1
-1
-1
-1
-1
71228
35280
57125
-1
-1
11034
-1
-1
-1
45667
-1
KO
-1
-1
18122
KO
-1
15594
-1
KO
-1
-1
-1
-1
-1
795
-1
-1
-1
-1
-1
51494
-1
-1
-1
-1
-1
-1
-1
-1
45551
-1
-1
-1
11563
KO
-1
-1
-1
-1
-1
-1
-1
-1
-1
-1
-1
-1
62258
-1
18122
-1
-1
-1
-1
-1
-1
-1
-1
795
28963
-1
-1
-1
-1
48697
18472
-1
-1
-1
-1
-1
38164
-1
-1
18122
39727
630
-1
-1
40381
-1
57781
27078
-1
-1
795
-1
59309
795
-1
-1
-1
-1
27078
-1
-1
23912
57125
-1
23006
-1
-1
795
-1
-1
-1
-1
-1
-1
-1
-1
-1
-1
-1
-1
-1
62258
34594
-1
-1
-1
-1
-1
KO
-1
27078
35280
40381
-1
35280
-1
-1
38164
-1
-1
-1
-1
71228
-1
1056
-1
23020
6695
-1
-1
-1
-1
11563
-1
-1
-1
-1
-1
-1
-1
-1
-1
59309
-1
11034
-1
-1
-1
34594
-1
-1
6695
-1
-1
-1
-1
-1
-1
-1
7470
-1
630
-1
-1
-1
-1
-1
-1
-1
-1
-1
22453
35280
-1
-1
-1
-1
-1
-1
-1
-1
-1
6695
-1
11034
-1
-1
-1
-1
-1
-1
-1
75493
-1
-1
-1
-1
11563
-1
-1
62258
-1
-1
-1
23020
-1
-1
-1
18122
23006
-1
-1
-1
-1
-1
-1
-1
-1
-1
-1
KO
-1
-1
-1
-1
35280
-1
-1
39727
-1
-1
7112
-1
39727
-1
-1
-1
6695
-1
-1
36778
-1
-1
-1
-1
-1
1056
-1
18122
-1
35280
36778
-1
-1
-1
-1
-1
630
-1
-1
-1
52962
-1
-1
-1
-1
-1
-1
-1
-1
-1
-1
11034
-1
-1
-1
-1
15594
-1
27078
-1
-1
-1
7112
-1
-1
-1
-1
-1
-1
27078
-1
54158
-1
-1
-1
-1
-1
57125
-1
35250
-1
-1
-1
-1
-1
-1
62258
-1
-1
-1
-1
15594
-1
-1
-1
6695
-1
48697
-1
-1
-1
-1
-1
6695
1056
36778
-1
-1
45667
-1
-1
-1
18122
-1
-1
-1
-1
34594
62912
45551
-1
11563
-1
48697
-1
630
-1
6695
-1
-1
-1
-1
45551
-1
57781
-1
-1
-1
-1
-1
-1
-1
-1
-1
-1
-1
18122
-1
-1
-1
-1
-1
36778
-1
36778
28963
-1
-1
-1
15421
-1
39727
6695
-1
-1
-1
-1
7470
-1
13607
35280
-1
-1
6695
-1
-1
-1
-1
-1
-1
-1
-1
-1
-1
23912
-1
KO
-1
-1
-1
-1
-1
-1
-1
795
-1
36778
-1
-1
-1
KO
630
-1
-1
-1
-1
-1
-1
KO
-1
62258
-1
-1
-1
-1
-1
28963
18122
-1
-1
-1
-1
-1
-1
KO
35280
-1
-1
11563
-1
-1
KO
-1
-1
-1
-1
-1
45537
-1
-1
-1
-1
-1
-1
-1
-1
630
39727
34594
-1
-1
-1
-1
45667
-1
-1
71228
7470
-1
-1
-1
-1
-1
-1
31627
36461
-1
-1
35250
-1
34594
35280
-1
-1
-1
-1
33565
-1
-1
27078
71228
-1
-1
-1
11563
-1
-1
-1
-1
-1
27078
-1
-1
71228
-1
71228
-1
-1
-1
-1
-1
-1
-1
23020
-1
795
795
39727
52962
1056
-1
-1
13607
-1
-1
-1
-1
7470
-1
-1
-1
-1
-1
-1
54158
-1
6695
-1
-1
-1
-1
-1
-1
-1
22453
-1
-1
-1
-1
-1
-1
-1
-1
51494
23020
-1
-1
62258
-1
-1
-1
-1
11563
23912
23912
-1
-1
-1
-1
-1
-1
-1
-1
-1
-1
-1
-1
11563
630
-1
-1
-1
-1
27078
-1
-1
-1
-1
-1
-1
-1
-1
62258
-1
-1
KO
6695
-1
45551
7112
6695
-1
-1
-1
-1
-1
-1
45551
-1
-1
-1
-1
-1
-1
-1
-1
-1
-1
-1
40381
40381
-1
-1
-1
27078
-1
-1
-1
6695
630
-1
-1
-1
-1
-1
27078
-1
-1
-1
-1
-1
-1
-1
-1
45551
-1
KO
18122
36778
-1
36778
-1
-1
KO
-1
35250
-1
18122
-1
-1
-1
71228
-1
-1
-1
630
-1
-1
-1
-1
39727
-1
-1
-1
-1
15594
-1
-1
-1
7470
-1
27078
-1
-1
13607
15421
-1
-1
13607
-1
-1
-1
-1
-1
-1
-1
-1
62258
-1
-1
51494
-1
-1
-1
-1
-1
54158
-1
-1
-1
-1
-1
62258
-1
-1
-1
-1
KO
-1
-1
6695
-1
KO
-1
-1
-1
-1
-1
-1
75493
6695
-1
-1
-1
-1
-1
-1
13607
18472
KO
-1
59309
-1
-1
-1
28963
57781
-1
1056
7470
-1
-1
23912
18472
31627
-1
-1
-1
-1
-1
34594
13607
-1
-1
11563
-1
-1
40381
6695
KO
35280
-1
-1
-1
-1
-1
-1
-1
11563
-1
-1
23020
7470
-1
-1
-1
62258
-1
57125
-1
-1
-1
-1
71228
-1
-1
-1
-1
-1
-1
-1
-1
11563
-1
-1
54158
45537
6695
-1
27078
39727
-1
18122
-1
-1
630
-1
-1
-1
-1
7112
11034
-1
40381
-1
-1
-1
-1
1056
-1
-1
-1
36778
22453
57781
27078
-1
23912
-1
15421
-1
-1
-1
-1
57125
18122
22453
-1
-1
-1
35280
-1
-1
-1
35280
630
18472
-1
-1
-1
40381
-1
-1
7470
KO
35280
-1
-1
-1
-1
-1
-1
-1
57125
-1
-1
-1
-1
33565
-1
-1
KO
-1
-1
-1
57125
7470
-1
-1
-1
-1
-1
-1
-1
-1
13607
-1
18472
1056
23020
-1
-1
-1
57125
-1
23912
1056
-1
-1
-1
38164
22453
-1
-1
71228
-1
630
-1
-1
-1
-1
-1
-1
35280
75493
-1
-1
-1
-1
-1
-1
6695
-1
-1
57125
-1
-1
-1
KO
-1
62258
-1
-1
-1
-1
-1
-1
-1
-1
15594
-1
18122
KO
OK: aggiunta la prima rotta
-1
57347
-1
-1
-1
-1
-1
22453
7470
-1
-1
-1
795
-1
-1
6695
-1
31627
48593
-1
-1
57347
-1
6695
-1
-1
34417
-1
1056
7112
-1
-1
-1
69928
-1
-1
-1
31627
23006
22223
-1
38164
-1
-1
52216
1056
-1
-1
-1
KO
-1
52962
-1
-1
-1
-1
-1
630
-1
795
21513
-1
-1
-1
65663
13607
13607
-1
-1
30896
28000
22453
KO
14213
-1
18122
-1
-1
-1
1056
-1
-1
-1
-1
KO
52216
-1
-1
-1
-1
KO
-1
-1
-1
-1
34417
-1
-1
-1
-1
-1
-1
-1
28963
-1
KO
-1
-1
-1
-1
-1
-1
-1
-1
-1
-1
-1
-1
-1
-1
-1
-1
KO
-1
11563
-1
48593
-1
14213
14213
-1
-1
-1
-1
-1
27078
-1
-1
-1
-1
-1
-1
65663
69928
1056
-1
KO
-1
22223
-1
7470
-1
9282
KO
-1
-1
-1
-1
34417
39727
22453
35250
-1
-1
-1
65663
40381
18122
-1
38164
-1
-1
-1
-1
9282
38164
-1
-1
-1
-1
-1
-1
-1
KO
-1
-1
-1
-1
-1
-1
-1
57347
-1
-1
-1
795
-1
-1
-1
-1
KO
-1
-1
-1
630
-1
795
-1
-1
-1
-1
-1
-1
-1
-1
-1
-1
51560
6695
-1
-1
-1
-1
-1
-1
39972
-1
-1
-1
-1
-1
-1
-1
22453
-1
-1
11563
-1
-1
-1
11563
-1
-1
-1
-1
-1
-1
18122
-1
7112
48593
-1
7470
-1
39727
-1
-1
630
-1
-1
-1
-1
KO
-1
65663
-1
23006
-1
-1
-1
-1
-1
36778
-1
7470
-1
-1
-1
-1
-1
-1
-1
-1
-1
-1
-1
-1
-1
21513
-1
-1
56693
-1
-1
630
-1
-1
-1
-1
65663
KO
630
-1
-1
-1
-1
18122
-1
-1
-1
-1
-1
18472
-1
13607
-1
-1
23020
-1
-1
795
-1
-1
56693
-1
-1
18122
-1
-1
-1
14213
-1
35280
-1
52962
-1
-1
28963
-1
-1
-1
36778
-1
7112
-1
-1
-1
48593
-1
-1
22223
-1
-1
-1
-1
-1
-1
-1
-1
-1
-1
-1
-1
-1
-1
-1
-1
39986
-1
-1
-1
40102
-1
-1
-1
34594
9282
-1
-1
-1
-1
-1
65663
56693
-1
-1
52962
-1
48697
-1
-1
-1
-1
-1
795
-1
-1
-1
-1
-1
-1
48593
6695
-1
-1
KO
35280
-1
-1
-1
795
-1
-1
-1
40102
35250
-1
-1
-1
-1
35250
-1
-1
-1
-1
-1
-1
-1
-1
-1
-1
18472
-1
-1
-1
630
-1
23912
34417
-1
-1
1056
-1
-1
630
-1
-1
39727
-1
11034
-1
-1
7470
-1
-1
-1
-1
-1
28963
KO
-1
-1
-1
7470
-1
-1
-1
-1
-1
6695
-1
-1
-1
-1
-1
-1
-1
-1
KO
-1
-1
-1
-1
OK: aggiunta la prima rotta
7470
11563
-1
6695
-1
28793
-1
-1
10158
55189
-1
38154
-1
28793
-1
-1
-1
-1
-1
13607
-1
-1
-1
-1
-1
-1
23912
-1
-1
KO
-1
-1
-1
51560
-1
-1
55189
-1
-1
-1
-1
13607
-1
-1
7470
-1
-1
-1
-1
23020
-1
-1
-1
-1
-1
11563
-1
-1
7112
-1
6695
-1
-1
-1
-1
-1
-1
-1
-1
-1
26787
-1
-1
-1
-1
-1
-1
-1
KO
-1
-1
-1
-1
-1
-1
39071
-1
-1
-1
18122
-1
7112
-1
52962
18472
630
-1
11034
-1
-1
-1
-1
-1
9282
29030
-1
-1
-1
-1
1056
18122
-1
-1
-1
-1
-1
-1
-1
-1
15257
KO
38164
15421
18122
23006
-1
-1
-1
-1
11034
-1
-1
-1
-1
795
-1
-1
-1
-1
-1
-1
-1
-1
KO
-1
28000
-1
-1
-1
-1
-1
-1
-1
-1
-1
-1
-1
-1
29654
-1
-1
-1
-1
630
-1
-1
52962
-1
-1
-1
39727
-1
-1
-1
-1
-1
-1
-1
KO
-1
-1
-1
-1
-1
-1
23020
-1
-1
-1
-1
-1
39071
-1
-1
-1
1056
-1
-1
-1
15421
-1
-1
-1
-1
28963
-1
795
-1
34594
KO
-1
7470
-1
-1
-1
28793
14213
-1
-1
-1
-1
28963
-1
-1
-1
-1
11492
-1
630
-1
18472
39071
-1
-1
-1
-1
-1
38164
-1
-1
-1
14213
-1
-1
-1
29654
-1
-1
15257
-1
-1
-1
-1
-1
-1
-1
-1
38154
-1
-1
-1
-1
36778
-1
-1
22453
-1
-1
36778
-1
-1
-1
-1
-1
23006
36778
-1
-1
795
-1
-1
-1
7112
-1
14213
-1
-1
-1
23006
-1
22453
-1
-1
KO
-1
-1
1056
-1
-1
52962
13607
22453
-1
-1
50318
-1
35250
55189
-1
630
-1
-1
38164
-1
-1
-1
-1
-1
-1
-1
6695
-1
-1
28963
-1
-1
-1
-1
-1
-1
-1
-1
-1
-1
28963
13607
-1
-1
-1
-1
-1
-1
-1
-1
51560
-1
-1
6695
-1
-1
-1
-1
-1
-1
630
-1
-1
KO
-1
-1
-1
-1
38154
-1
630
-1
KO
-1
7112
-1
-1
-1
-1
-1
-1
-1
24060
-1
-1
-1
5834
-1
38164
-1
27078
38154
22453
6695
13860
6695
-1
-1
34594
55189
-1
1056
-1
-1
-1
14213
1056
-1
-1
-1
-1
15257
-1
-1
-1
-1
-1
KO
-1
-1
-1
-1
-1
-1
-1
-1
KO
-1
28793
-1
-1
-1
-1
31627
-1
13607
-1
-1
-1
-1
KO
-1
6695
-1
15421
7112
-1
20579
-1
23020
-1
-1
26787
-1
-1
38154
5834
-1
-1
-1
-1
13607
-1
-1
795
-1
-1
7470
-1
-1
-1
-1
-1
11492
23912
-1
-1
-1
-1
-1
-1
-1
15421
-1
-1
-1
-1
-1
-1
-1
51560
-1
-1
-1
18472
-1
-1
-1
-1
630
-1
-1
-1
-1
31627
-1
23912
-1
OK: aggiunta la prima rotta
13607
KO
24060
1056
11563
-1
-1
-1
-1
-1
-1
-1
-1
-1
6695
-1
-1
-1
29030
-1
-1
-1
14210
11034
-1
-1
-1
-1
-1
15257
KO
-1
-1
-1
-1
14210
28793
24060
-1
-1
18472
-1
OK: aggiunta la prima rotta
-1
-1
-1
-1
-1
23020
-1
10158
-1
-1
KO
-1
-1
-1
12287
KO
-1
16384
13607
10158
-1
11563
-1
-1
-1
-1
27751
-1
-1
-1
-1
-1
-1
-1
-1
-1
-1
-1
KO
-1
-1
795
-1
-1
7470
-1
-1
-1
-1
-1
-1
-1
-1
-1
-1
-1
-1
-1
-1
-1
-1
12287
-1
-1
23006
KO
16289
-1
-1
-1
-1
31627
-1
-1
-1
-1
-1
9282
-1
-1
-1
-1
KO
-1
27025
28963
22453
-1
-1
-1
-1
-1
19251
-1
-1
-1
630
-1
-1
-1
-1
15106
-1
-1
-1
-1
-1
-1
-1
10158
-1
27025
-1
-1
9282
31627
18472
-1
-1
27025
KO
-1
27751
-1
-1
-1
23006
18472
-1
-1
-1
-1
-1
31627
-1
-1
-1
-1
28963
-1
-1
11034
14210
-1
-1
-1
14210
31627
-1
-1
-1
-1
-1
-1
KO
18627
-1
630
-1
16384
13860
44786
-1
-1
16384
23020
795
24693
-1
18472
-1
KO
-1
-1
5834
KO
-1
-1
19251
-1
-1
-1
-1
-1
11492
-1
-1
6695
-1
-1
KO
-1
-1
24693
-1
23912
10236
19251
-1
-1
28668
-1
-1
11563
-1
-1
-1
-1
-1
-1
-1
-1
-1
13607
-1
-1
-1
-1
-1
-1
6695
-1
-1
25700
630
-1
-1
-1
-1
-1
KO
-1
5834
-1
-1
-1
-1
7470
10158
-1
-1
-1
-1
10236
6695
-1
-1
-1
-1
-1
6695
-1
-1
-1
16289
16289
-1
-1
5834
20693
-1
-1
-1
-1
11563
-1
KO
38164
1056
11492
-1
-1
-1
-1
-1
5834
-1
-1
13607
-1
-1
23006
-1
-1
-1
795
11563
-1
-1
-1
-1
-1
13607
-1
-1
-1
10158
25700
-1
-1
-1
-1
KO
-1
-1
-1
-1
-1
-1
9282
-1
-1
1056
-1
KO
-1
-1
-1
-1
-1
10158
-1
12287
-1
-1
-1
-1
-1
5834
KO
-1
-1
-1
-1
23020
-1
-1
-1
-1
-1
-1
-1
-1
-1
-1
-1
24693
-1
-1
-1
-1
-1
-1
-1
-1
-1
-1
-1
-1
-1
21068
-1
-1
5834
795
23912
44786
-1
-1
-1
-1
24693
-1
-1
-1
21068
-1
-1
-1
38164
-1
-1
20693
-1
-1
-1
-1
-1
-1
-1
-1
-1
-1
-1
39915
-1
-1
-1
31627
-1
KO
-1
-1
-1
-1
-1
-1
-1
-1
6695
-1
-1
7470
6695
12287
23912
9282
-1
-1
11034
-1
10158
-1
-1
27751
-1
-1
-1
-1
-1
-1
-1
-1
-1
-1
-1
7470
-1
-1
-1
KO
-1
-1
-1
6695
10236
-1
-1
KO
-1
5834
35280
11563
7470
-1
-1
-1
-1
-1
-1
18122
6695
KO
-1
-1
10236
14213
-1
19251
-1
-1
1056
-1
KO
-1
KO
25700
-1
-1
795
-1
31627
-1
-1
15421
18122
-1
25700
-1
-1
-1
38164
630
7470
15421
-1
20693
44786
-1
7112
-1
-1
-1
-1
-1
-1
18390
-1
-1
-1
-1
-1
-1
-1
-1
-1
18122
-1
6695
-1
-1
-1
KO
-1
13607
-1
-1
-1
24693
KO
-1
20693
10158
-1
25700
-1
-1
-1
-1
18390
-1
-1
-1
-1
20579
15106
-1
15106
-1
795
-1
-1
-1
-1
-1
18122
-1
18390
13607
-1
-1
39915
-1
11563
6695
-1
-1
7470
-1
-1
-1
21068
-1
24693
-1
-1
-1
-1
13657
-1
-1
19251
-1
-1
-1
-1
OK: aggiunta la prima rotta
10000
-1
-1
-1
-1
1056
20693
-1
-1
-1
-1
-1
-1
23746
-1
-1
-1
-1
-1
-1
-1
-1
-1
15421
-1
-1
15421
-1
-1
-1
20693
-1
13607
-1
-1
15106
-1
14210
23006
15106
-1
-1
-1
630
10236
15421
23020
-1
-1
20886
-1
-1
-1
-1
-1
-1
-1
5834
-1
KO
-1
630
-1
10236
27025
-1
-1
-1
-1
-1
19251
-1
-1
-1
-1
-1
630
-1
-1
18645
12287
-1
-1
-1
-1
-1
7470
-1
-1
-1
KO
-1
795
-1
14213
795
-1
-1
-1
-1
-1
-1
-1
-1
-1
-1
1056
-1
-1
-1
-1
-1
-1
7470
-1
10158
-1
7112
9282
-1
-1
1056
-1
27078
-1
19251
15957
7470
-1
-1
-1
21529
-1
-1
-1
27751
-1
-1
-1
-1
-1
23746
-1
20886
-1
-1
-1
KO
11034
-1
-1
-1
-1
-1
18645
-1
27025
-1
-1
-1
-1
-1
-1
KO
-1
-1
-1
-1
-1
-1
-1
KO
-1
5834
-1
-1
11492
KO
-1
-1
-1
11327
27751
-1
-1
-1
-1
-1
-1
6695
-1
16289
13607
-1
-1
-1
16289
-1
-1
21529
-1
-1
20693
-1
-1
-1
-1
10236
-1
-1
-1
-1
KO
-1
-1
-1
KO
-1
-1
-1
-1
-1
-1
-1
13607
13607
-1
-1
-1
-1
-1
21529
28963
-1
-1
13607
19251
-1
630
-1
20693
-1
-1
-1
-1
-1
-1
-1
-1
-1
-1
-1
-1
16289
-1
-1
-1
630
-1
-1
7112
-1
-1
1056
-1
-1
23280
-1
-1
-1
-1
-1
-1
-1
-1
-1
-1
-1
27078
-1
-1
-1
-1
795
5834
-1
-1
-1
-1
-1
-1
-1
28963
-1
11563
-1
-1
-1
-1
-1
19251
-1
23280
8058
-1
15106
-1
7470
7257
-1
-1
KO
-1
-1
-1
-1
-1
-1
-1
-1
-1
-1
-1
-1
-1
11563
-1
12287
17466
8058
1056
-1
7470
19251
16289
-1
KO
12287
23020
-1
1056
-1
23280
-1
15106
20693
-1
-1
-1
16289
-1
-1
-1
20886
8058
-1
-1
-1
-1
-1
-1
-1
7257
-1
-1
630
15421
10236
-1
-1
11327
-1
10000
-1
14095
15421
-1
-1
-1
-1
18621
-1
-1
8058
-1
-1
-1
-1
-1
-1
-1
18472
-1
-1
-1
-1
-1
7257
KO
-1
-1
-1
-1
13607
-1
-1
-1
14095
-1
-1
-1
-1
-1
-1
-1
-1
-1
21529
-1
-1
KO
-1
-1
-1
-1
KO
-1
23746
-1
31627
18472
7257
-1
-1
-1
-1
-1
-1
18645
-1
-1
-1
-1
13607
-1
-1
-1
19251
-1
-1
-1
10000
-1
-1
795
-1
-1
-1
21068
-1
7257
-1
31627
-1
27684
23280
-1
-1
-1
13607
-1
15106
-1
-1
-1
-1
-1
-1
-1
13607
-1
-1
-1
-1
-1
-1
-1
-1
-1
-1
-1
-1
-1
-1
-1
-1
-1
-1
-1
-1
795
-1
15421
630
-1
-1
-1
-1
-1
-1
-1
-1
-1
6695
-1
-1
-1
-1
-1
15421
-1
-1
-1
-1
-1
630
-1
28963
-1
-1
-1
-1
15106
-1
-1
-1
-1
-1
-1
-1
-1
-1
-1
-1
-1
13607
-1
19251
-1
-1
-1
-1
-1
20693
6695
-1
8058
-1
-1
-1
-1
23280
-1
-1
795
-1
20886
-1
-1
-1
-1
-1
-1
-1
-1
-1
-1
OK: aggiunta la prima rotta
-1
-1
-1
-1
31627
-1
7257
-1
19251
-1
-1
-1
KO
-1
-1
-1
-1
-1
-1
-1
-1
-1
-1
-1
-1
-1
10236
-1
-1
-1
-1
-1
-1
18390
-1
-1
-1
28151
-1
-1
9282
KO
-1
-1
-1
17466
-1
-1
-1
-1
21529
-1
-1
-1
-1
23006
-1
-1
-1
-1
-1
-1
-1
KO
-1
10236
-1
-1
-1
-1
28963
-1
-1
795
-1
-1
KO
-1
-1
13607
-1
-1
-1
20886
-1
-1
21529
-1
-1
-1
-1
-1
-1
-1
-1
-1
-1
-1
21529
-1
-1
-1
-1
-1
-1
-1
KO
-1
7112
-1
-1
-1
-1
-1
-1
-1
-1
6695
23280
-1
-1
-1
-1
-1
-1
-1
-1
-1
-1
-1
-1
28963
-1
-1
-1
-1
-1
10014
-1
5834
-1
-1
28963
10236
-1
11327
6695
-1
-1
630
-1
-1
-1
-1
-1
21529
-1
-1
-1
-1
-1
-1
795
-1
21529
-1
-1
-1
-1
-1
-1
-1
18645
17466
11492
-1
KO
-1
18390
795
-1
27751
1056
19251
795
-1
-1
-1
9282
-1
11327
-1
14210
5834
-1
18390
-1
5834
13607
-1
KO
-1
9282
-1
-1
-1
-1
-1
-1
27078
-1
7470
23280
-1
13607
-1
-1
-1
-1
-1
20693
23020
-1
-1
-1
-1
-1
KO
-1
-1
20886
31627
-1
1056
23746
-1
-1
-1
-1
-1
-1
-1
-1
15421
21068
-1
-1
18390
-1
27025
-1
-1
27751
-1
-1
-1
-1
7470
-1
17466
-1
-1
KO
-1
-1
-1
-1
18472
23020
-1
-1
-1
-1
-1
-1
-1
-1
-1
-1
-1
-1
10014
-1
-1
19251
-1
-1
-1
-1
-1
-1
-1
-1
6695
-1
18390
-1
-1
-1
-1
-1
-1
-1
-1
-1
630
-1
-1
-1
-1
-1
-1
-1
-1
-1
KO
-1
-1
-1
-1
-1
-1
-1
-1
-1
-1
-1
-1
-1
-1
-1
KO
-1
630
-1
-1
-1
-1
-1
-1
-1
-1
-1
5834
5834
-1
-1
KO
KO
-1
11327
-1
-1
28151
-1
23746
-1
-1
-1
-1
-1
1056
11563
27025
-1
-1
-1
-1
31627
KO
-1
-1
-1
23020
27751
-1
-1
18645
630
-1
-1
-1
-1
-1
-1
21068
-1
-1
23006
-1
-1
-1
-1
-1
-1
-1
-1
-1
-1
-1
-1
-1
-1
-1
-1
-1
-1
-1
-1
-1
-1
-1
-1
-1
-1
-1
-1
-1
-1
-1
-1
-1
-1
KO
-1
-1
5834
10158
-1
-1
-1
10000
-1
-1
-1
-1
-1
-1
-1
-1
-1
12287
-1
-1
-1
-1
-1
-1
-1
-1
27684
-1
-1
-1
15421
-1
19251
11492
KO
-1
-1
-1
-1
-1
KO
-1
-1
-1
-1
-1
-1
KO
-1
-1
-1
-1
-1
7257
-1
-1
-1
-1
-1
31627
-1
-1
17466
11327
11034
1056
-1
-1
-1
-1
-1
-1
-1
630
-1
28151
-1
-1
-1
-1
-1
21529
795
-1
-1
-1
-1
-1
9282
16289
-1
-1
21529
-1
-1
-1
-1
-1
-1
KO
-1
-1
-1
17466
10158
27025
-1
-1
15106
-1
-1
-1
27025
-1
-1
-1
-1
-1
-1
7257
-1
10014
14210
-1
-1
-1
-1
-1
1056
-1
-1
-1
-1
-1
7257
-1
-1
-1
-1
17466
-1
21068
-1
14213
-1
-1
-1
-1
-1
-1
-1
-1
-1
-1
-1
-1
-1
630
-1
-1
-1
-1
16289
-1
1056
23280
10236
-1
-1
-1
-1
-1
-1
-1
-1
28963
-1
-1
-1
20886
-1
14095
-1
-1
-1
795
-1
-1
-1
18621
-1
-1
-1
16289
-1
16289
-1
-1
-1
6508
11563
-1
-1
-1
-1
-1
-1
-1
-1
-1
-1
8058
-1
10236
11563
-1
-1
14095
-1
-1
-1
21068
-1
630
-1
-1
-1
-1
-1
-1
-1
-1
-1
-1
-1
23746
17466
14213
-1
15421
-1
-1
-1
-1
-1
12287
-1
-1
18621
27684
-1
-1
-1
18472
-1
-1
-1
-1
-1
-1
14213
-1
-1
-1
-1
-1
-1
-1
8058
27684
-1
28963
-1
-1
-1
-1
-1
13607
-1
-1
8058
-1
-1
-1
1056
-1
15421
-1
-1
-1
-1
-1
-1
-1
-1
14210
1056
795
6508
-1
-1
-1
-1
-1
-1
-1
-1
-1
-1
-1
-1
-1
18390
-1
-1
23746
6695
-1
-1
11327
-1
15106
-1
7257
-1
-1
-1
-1
7257
-1
KO
-1
23006
16289
27025
630
-1
20886
-1
5834
-1
-1
-1
-1
-1
8058
-1
-1
-1
-1
-1
-1
-1
-1
-1
795
-1
-1
-1
-1
-1
28963
9282
-1
23006
14213
-1
-1
23020
-1
-1
13607
-1
6695
-1
-1
-1
-1
-1
10000
28151
-1
14210
-1
20886
-1
-1
-1
18472
-1
-1
-1
-1
-1
18645
-1
-1
18621
16289
-1
-1
-1
-1
-1
23020
13607
6695
-1
-1
KO
-1
-1
-1
-1
-1
-1
-1
-1
27078
-1
-1
-1
12287
23020
-1
KO
-1
11492
-1
-1
11492
1056
795
-1
-1
7257
-1
-1
-1
-1
-1
-1
18472
-1
10236
14095
-1
-1
20886
-1
21529
23006
18472
-1
-1
-1
-1
-1
18390
20886
6508
-1
-1
-1
6695
KO
-1
-1
13607
-1
-1
-1
-1
-1
-1
-1
7112
14210
-1
-1
21068
-1
-1
-1
-1
-1
-1
KO
-1
21068
-1
-1
-1
10236
-1
-1
-1
14210
27025
-1
-1
-1
1056
7470
-1
-1
21529
-1
-1
11034
-1
-1
-1
-1
21068
-1
14095
-1
-1
KO
-1
28963
KO
10000
-1
-1
-1
-1
-1
-1
-1
-1
-1
-1
-1
-1
-1
-1
-1
-1
-1
9282
10158
-1
-1
-1
-1
-1
-1
-1
-1
-1
-1
27684
-1
-1
-1
-1
-1
-1
-1
-1
-1
-1
14095
11327
-1
23746
-1
5834
-1
-1
-1
-1
23006
-1
18621
-1
-1
-1
-1
-1
7257
-1
-1
10014
7257
-1
11034
-1
-1
KO
6508
28963
13607
11327
18645
20886
795
13607
17466
14213
6695
-1
-1
7470
-1
-1
-1
-1
-1
-1
-1
-1
13607
-1
-1
-1
-1
-1
10158
-1
-1
-1
-1
-1
17466
-1
-1
-1
-1
-1
-1
630
